-0.00117188 0.00808039 4.65811e-05 0.00569654 0.00227862 0.704984
-0.000390625 0.00808047 4.62412e-05 0.00569663 0.00227865 0.704987
0.000390625 0.00808047 4.62412e-05 0.00569663 0.00227865 0.704987
0.00117188 0.00808039 4.65811e-05 0.00569654 0.00227862 0.704984
0.00195312 0.00808027 5.1849e-05 0.00569643 0.00227857 0.70498
0.00273437 0.00808005 5.88103e-05 0.00569622 0.00227849 0.704973
0.00351563 0.00807978 5.93014e-05 0.00569594 0.00227838 0.704963
0.00429688 0.00807955 5.25727e-05 0.00569572 0.00227829 0.704955
0.00507813 0.00807943 4.71378e-05 0.0056956 0.00227824 0.704951
0.00585938 0.00807938 4.33109e-05 0.00569555 0.00227822 0.704949
0.00664062 0.00807936 4.15579e-05 0.00569553 0.00227821 0.704948
0.00742188 0.00807936 4.14663e-05 0.00569554 0.00227821 0.704949
0.00820313 0.00807935 4.29565e-05 0.00569552 0.00227821 0.704948
0.00898437 0.00807931 4.61045e-05 0.00569548 0.00227819 0.704947
0.00976562 0.0080792 5.04995e-05 0.00569537 0.00227815 0.704943
0.0105469 0.00807898 5.69382e-05 0.00569515 0.00227806 0.704935
0.0113281 0.00807869 5.73973e-05 0.00569487 0.00227795 0.704925
0.0121094 0.00807846 5.11552e-05 0.00569464 0.00227786 0.704917
0.0128906 0.00807834 4.65523e-05 0.00569453 0.00227781 0.704913
0.0136719 0.00807829 4.30584e-05 0.00569448 0.00227779 0.704911
0.0144531 0.00807828 4.14533e-05 0.00569447 0.00227779 0.704911
0.0152344 0.00807828 4.13661e-05 0.00569447 0.00227779 0.704911
0.0160156 0.00807827 4.27453e-05 0.00569446 0.00227778 0.704911
0.0167969 0.00807824 4.56012e-05 0.00569442 0.00227777 0.704909
0.0175781 0.00807813 4.91532e-05 0.00569432 0.00227773 0.704905
0.0183594 0.0080779 5.50161e-05 0.00569409 0.00227764 0.704897
0.0191406 0.00807761 5.5436e-05 0.00569381 0.00227752 0.704887
0.0199219 0.00807737 4.97367e-05 0.00569357 0.00227743 0.704879
0.0207031 0.00807726 4.59948e-05 0.00569346 0.00227738 0.704875
0.0214844 0.00807721 4.28276e-05 0.00569341 0.00227737 0.704873
0.0222656 0.0080772 4.13635e-05 0.0056934 0.00227736 0.704873
0.0230469 0.00807721 4.12795e-05 0.00569341 0.00227736 0.704873
0.0238281 0.0080772 4.25517e-05 0.0056934 0.00227736 0.704873
0.0246094 0.00807716 4.51235e-05 0.00569336 0.00227735 0.704872
0.0253906 0.00807706 4.78122e-05 0.00569326 0.0022773 0.704868
0.0261719 0.00807682 5.30486e-05 0.00569303 0.00227721 0.70486
0.0269531 0.00807653 5.34221e-05 0.00569274 0.0022771 0.70485
0.0277344 0.00807629 4.83208e-05 0.0056925 0.002277 0.704841
0.0285156 0.00807617 4.54621e-05 0.00569239 0.00227696 0.704837
0.0292969 0.00807613 4.26137e-05 0.00569235 0.00227694 0.704836
0.0300781 0.00807612 4.1288e-05 0.00569234 0.00227694 0.704836
0.0308594 0.00807613 4.12065e-05 0.00569235 0.00227694 0.704836
0.0316406 0.00807612 4.2367e-05 0.00569234 0.00227694 0.704836
0.0324219 0.00807609 4.46665e-05 0.00569231 0.00227692 0.704834
0.0332031 0.00807599 4.6486e-05 0.0056922 0.00227688 0.704831
0.0339844 0.00807575 5.10398e-05 0.00569197 0.00227679 0.704823
0.0347656 0.00807546 5.1359e-05 0.00569168 0.00227667 0.704812
0.0355469 0.00807521 4.69187e-05 0.00569144 0.00227657 0.704804
0.0363281 0.0080751 4.49494e-05 0.00569132 0.00227653 0.7048
0.0371094 0.00807505 4.24071e-05 0.00569128 0.00227651 0.704798
0.0378906 0.00807505 4.12268e-05 0.00569128 0.00227651 0.704798
0.0386719 0.00807506 4.11475e-05 0.00569129 0.00227651 0.704798
0.0394531 0.00807505 4.21842e-05 0.00569128 0.00227651 0.704798
0.0402344 0.00807502 4.4224e-05 0.00569125 0.0022765 0.704797
0.0410156 0.00807492 4.51846e-05 0.00569115 0.00227646 0.704793
0.0417969 0.00807468 4.89921e-05 0.00569091 0.00227636 0.704785
0.0425781 0.00807438 4.92497e-05 0.00569062 0.00227625 0.704775
0.0433594 0.00807413 4.55395e-05 0.00569037 0.00227615 0.704766
0.0441406 0.00807402 4.44509e-05 0.00569026 0.00227611 0.704762
0.0449219 0.00807398 4.22019e-05 0.00569022 0.00227609 0.704761
0.0457031 0.00807397 4.11801e-05 0.00569022 0.00227609 0.704761
0.0464844 0.00807398 4.11025e-05 0.00569023 0.00227609 0.704761
0.0472656 0.00807398 4.20035e-05 0.00569023 0.00227609 0.704761
0.0480469 0.00807394 4.37925e-05 0.00569019 0.00227608 0.70476
0.0488281 0.00807385 4.39108e-05 0.00569009 0.00227604 0.704756
0.0496094 0.0080736 4.69053e-05 0.00568985 0.00227594 0.704748
0.0503906 0.00807331 4.70948e-05 0.00568956 0.00227582 0.704737
0.0511719 0.00807305 4.41873e-05 0.00568931 0.00227572 0.704728
0.0519531 0.00807294 4.39627e-05 0.0056892 0.00227568 0.704725
0.0527344 0.0080729 4.19978e-05 0.00568916 0.00227566 0.704723
0.0535156 0.0080729 4.11478e-05 0.00568916 0.00227566 0.704723
0.0542969 0.00807291 4.10723e-05 0.00568917 0.00227567 0.704724
0.0550781 0.00807291 4.18306e-05 0.00568917 0.00227567 0.704724
0.0558594 0.00807287 4.33769e-05 0.00568913 0.00227565 0.704722
0.0566406 0.00807278 4.26601e-05 0.00568904 0.00227562 0.704719
0.0574219 0.00807253 4.47723e-05 0.0056888 0.00227552 0.70471
0.0582031 0.00807223 4.48889e-05 0.0056885 0.0022754 0.7047
0.0589844 0.00807198 4.28587e-05 0.00568825 0.0022753 0.704691
0.0597656 0.00807187 4.34886e-05 0.00568815 0.00227526 0.704687
0.0605469 0.00807183 4.17998e-05 0.0056881 0.00227524 0.704686
0.0613281 0.00807183 4.11288e-05 0.0056881 0.00227524 0.704686
0.0621094 0.00807184 4.10598e-05 0.00568812 0.00227525 0.704686
0.0628906 0.00807184 4.16642e-05 0.00568812 0.00227525 0.704686
0.0636719 0.0080718 4.2981e-05 0.00568808 0.00227523 0.704685
0.0644531 0.00807171 4.14304e-05 0.00568799 0.00227519 0.704682
0.0652344 0.00807146 4.25899e-05 0.00568774 0.0022751 0.704673
0.0660156 0.00807117 4.26278e-05 0.00568745 0.00227498 0.704663
0.0667969 0.00807091 4.15507e-05 0.00568719 0.00227488 0.704654
0.0675781 0.0080708 4.30342e-05 0.00568709 0.00227484 0.70465
0.0683594 0.00807076 4.16095e-05 0.00568705 0.00227482 0.704648
0.0691406 0.00807076 4.1124e-05 0.00568705 0.00227482 0.704648
0.0699219 0.00807077 4.10669e-05 0.00568706 0.00227483 0.704649
0.0707031 0.00807078 4.14975e-05 0.00568707 0.00227483 0.704649
0.0714844 0.00807073 4.25993e-05 0.00568702 0.00227481 0.704648
0.0722656 0.00807064 4.02244e-05 0.00568693 0.00227477 0.704645
0.0730469 0.00807039 4.03652e-05 0.00568669 0.00227468 0.704636
0.0738281 0.0080701 4.03206e-05 0.0056864 0.00227456 0.704626
0.0746094 0.00806984 4.02659e-05 0.00568614 0.00227446 0.704616
0.0753906 0.00806974 4.25937e-05 0.00568604 0.00227442 0.704613
0.0761719 0.00806969 4.14198e-05 0.00568599 0.0022744 0.704611
0.0769531 0.00806969 4.11369e-05 0.00568599 0.0022744 0.704611
0.0777344 0.00806971 4.10911e-05 0.00568601 0.0022744 0.704612
0.0785156 0.00806971 4.1329e-05 0.00568602 0.00227441 0.704612
0.0792969 0.00806967 4.22158e-05 0.00568597 0.00227439 0.70461
0.0800781 0.00806958 3.90404e-05 0.00568588 0.00227435 0.704607
0.0808594 0.00806932 3.81173e-05 0.00568563 0.00227425 0.704598
0.0816406 0.00806904 3.79893e-05 0.00568535 0.00227414 0.704588
0.0824219 0.00806877 3.90026e-05 0.00568509 0.00227404 0.704579
0.0832031 0.00806867 4.21497e-05 0.00568499 0.002274 0.704576
0.0839844 0.00806862 4.12294e-05 0.00568494 0.00227398 0.704574
0.0847656 0.00806862 4.11666e-05 0.00568494 0.00227398 0.704574
0.0855469 0.00806864 4.11319e-05 0.00568496 0.00227398 0.704575
0.0863281 0.00806865 4.11579e-05 0.00568497 0.00227399 0.704575
0.0871094 0.0080686 4.18175e-05 0.00568492 0.00227397 0.704573
0.0878906 0.00806851 3.78755e-05 0.00568483 0.00227393 0.70457
0.0886719 0.00806826 3.58628e-05 0.00568458 0.00227383 0.704561
0.0894531 0.00806797 3.56509e-05 0.0056843 0.00227372 0.704551
0.0902344 0.00806771 3.77582e-05 0.00568404 0.00227362 0.704542
0.0910156 0.00806761 4.1688e-05 0.00568394 0.00227358 0.704539
0.0917969 0.00806755 4.10378e-05 0.00568389 0.00227356 0.704537
0.0925781 0.00806756 4.12142e-05 0.00568389 0.00227356 0.704537
0.0933594 0.00806758 4.11909e-05 0.00568391 0.00227357 0.704538
0.0941406 0.00806759 4.09839e-05 0.00568392 0.00227357 0.704538
0.0949219 0.00806753 4.13958e-05 0.00568387 0.00227355 0.704536
0.0957031 0.00806744 3.67255e-05 0.00568378 0.00227351 0.704533
0.0964844 0.00806719 3.3612e-05 0.00568353 0.00227341 0.704524
0.0972656 0.00806691 3.33179e-05 0.00568326 0.0022733 0.704514
0.0980469 0.00806665 3.65289e-05 0.005683 0.0022732 0.704505
0.0988281 0.00806655 4.11995e-05 0.0056829 0.00227316 0.704502
0.0996094 0.00806649 4.08443e-05 0.00568284 0.00227314 0.7045
0.100391 0.0080665 4.12818e-05 0.00568285 0.00227314 0.7045
0.101172 0.00806652 4.12691e-05 0.00568287 0.00227315 0.704501
0.101953 0.00806652 4.08059e-05 0.00568287 0.00227315 0.704501
0.102734 0.00806647 4.09427e-05 0.00568282 0.00227313 0.704499
0.103516 0.00806638 3.55865e-05 0.00568273 0.00227309 0.704496
0.104297 0.00806612 3.13729e-05 0.00568248 0.00227299 0.704487
0.105078 0.00806586 3.10091e-05 0.00568222 0.00227289 0.704478
0.105859 0.00806559 3.53081e-05 0.00568196 0.00227278 0.704468
0.106641 0.00806549 4.06792e-05 0.00568185 0.00227274 0.704465
0.107422 0.00806543 4.06475e-05 0.00568179 0.00227272 0.704463
0.108203 0.00806544 4.13677e-05 0.0056818 0.00227272 0.704463
0.108984 0.00806546 4.13627e-05 0.00568182 0.00227273 0.704464
0.109766 0.00806546 4.06212e-05 0.00568183 0.00227273 0.704464
0.110547 0.0080654 4.04551e-05 0.00568177 0.00227271 0.704462
0.111328 0.00806531 3.44528e-05 0.00568168 0.00227267 0.704458
0.112109 0.00806506 2.91552e-05 0.00568142 0.00227257 0.70445
0.112891 0.0080648 2.87503e-05 0.00568118 0.00227247 0.704441
0.113672 0.00806454 3.4085e-05 0.00568092 0.00227237 0.704432
0.114453 0.00806443 4.0127e-05 0.00568081 0.00227232 0.704428
0.115234 0.00806437 4.04431e-05 0.00568075 0.0022723 0.704426
0.116016 0.00806438 4.14669e-05 0.00568076 0.0022723 0.704426
0.116797 0.0080644 4.14666e-05 0.00568077 0.00227231 0.704427
0.117578 0.00806441 4.04258e-05 0.00568078 0.00227231 0.704427
0.118359 0.00806434 3.99332e-05 0.00568072 0.00227229 0.704425
0.119141 0.00806424 3.33117e-05 0.00568062 0.00227225 0.704421
0.119922 0.00806399 2.69873e-05 0.00568037 0.00227215 0.704412
0.120703 0.00806375 2.65483e-05 0.00568014 0.00227205 0.704404
0.121484 0.00806349 3.28531e-05 0.00567988 0.00227195 0.704395
0.122266 0.00806338 3.95422e-05 0.00567977 0.00227191 0.704391
0.123047 0.00806331 4.02282e-05 0.0056797 0.00227188 0.704389
0.123828 0.00806332 4.15755e-05 0.00567971 0.00227189 0.704389
0.124609 0.00806334 4.15786e-05 0.00567973 0.00227189 0.70439
0.125391 0.00806335 4.02188e-05 0.00567974 0.0022719 0.70439
0.126172 0.00806328 3.93764e-05 0.00567968 0.00227187 0.704388
0.126953 0.00806318 3.2156e-05 0.00567957 0.00227183 0.704384
0.127734 0.00806293 2.48806e-05 0.00567933 0.00227173 0.704375
0.128516 0.0080627 2.44122e-05 0.0056791 0.00227164 0.704367
0.129297 0.00806244 3.16075e-05 0.00567885 0.00227154 0.704358
0.130078 0.00806233 3.89232e-05 0.00567873 0.00227149 0.704354
0.130859 0.00806225 4.00019e-05 0.00567866 0.00227146 0.704352
0.131641 0.00806226 4.16912e-05 0.00567867 0.00227147 0.704352
0.132422 0.00806228 4.16968e-05 0.00567869 0.00227148 0.704353
0.133203 0.00806229 3.99992e-05 0.0056787 0.00227148 0.704353
0.133984 0.00806222 3.87874e-05 0.00567863 0.00227145 0.704351
0.134766 0.00806211 3.09807e-05 0.00567852 0.00227141 0.704347
0.135547 0.00806186 2.28401e-05 0.00567828 0.00227131 0.704338
0.136328 0.00806165 2.23512e-05 0.00567807 0.00227123 0.704331
0.137109 0.0080614 3.03426e-05 0.00567782 0.00227113 0.704322
0.137891 0.00806127 3.82697e-05 0.0056777 0.00227108 0.704318
0.138672 0.0080612 3.97633e-05 0.00567762 0.00227105 0.704315
0.139453 0.00806121 4.18116e-05 0.00567763 0.00227105 0.704315
0.140234 0.00806123 4.18189e-05 0.00567765 0.00227106 0.704316
0.141016 0.00806124 3.97662e-05 0.00567766 0.00227106 0.704316
0.141797 0.00806116 3.81639e-05 0.00567759 0.00227103 0.704314
0.142578 0.00806105 2.97806e-05 0.00567747 0.00227099 0.70431
0.143359 0.0080608 2.08752e-05 0.00567723 0.00227089 0.704301
0.144141 0.0080606 2.03746e-05 0.00567703 0.00227081 0.704294
0.144922 0.00806036 2.90537e-05 0.00567679 0.00227072 0.704286
0.145703 0.00806023 3.75819e-05 0.00567666 0.00227067 0.704281
0.146484 0.00806015 3.95116e-05 0.00567658 0.00227063 0.704278
0.147266 0.00806016 4.1934e-05 0.0056766 0.00227064 0.704279
0.148047 0.00806017 4.19424e-05 0.00567661 0.00227064 0.704279
0.148828 0.00806018 3.95189e-05 0.00567662 0.00227065 0.70428
0.149609 0.0080601 3.75038e-05 0.00567654 0.00227062 0.704277
0.150391 0.00805998 2.85508e-05 0.00567642 0.00227057 0.704272
0.151172 0.00805974 1.89959e-05 0.00567619 0.00227048 0.704264
0.151953 0.00805956 1.8494e-05 0.005676 0.0022704 0.704258
0.152734 0.00805932 2.77355e-05 0.00567577 0.00227031 0.704249
0.153516 0.00805918 3.68577e-05 0.00567563 0.00227025 0.704245
0.154297 0.0080591 3.92466e-05 0.00567555 0.00227022 0.704242
0.155078 0.00805911 4.2055e-05 0.00567556 0.00227022 0.704242
0.155859 0.00805912 4.20637e-05 0.00567557 0.00227023 0.704242
0.156641 0.00805913 3.92572e-05 0.00567558 0.00227023 0.704243
0.157422 0.00805905 3.68049e-05 0.0056755 0.0022702 0.70424
0.158203 0.00805892 2.72869e-05 0.00567537 0.00227015 0.704235
0.158984 0.00805868 1.72115e-05 0.00567514 0.00227006 0.704227
0.159766 0.00805851 1.67188e-05 0.00567497 0.00226999 0.704221
0.160547 0.00805828 2.63838e-05 0.00567475 0.0022699 0.704213
0.161328 0.00805814 3.60962e-05 0.0056746 0.00226984 0.704208
0.162109 0.00805805 3.89695e-05 0.00567452 0.00226981 0.704205
0.162891 0.00805806 4.21694e-05 0.00567453 0.00226981 0.704205
0.163672 0.00805807 4.21778e-05 0.00567454 0.00226981 0.704206
0.164453 0.00805808 3.89827e-05 0.00567455 0.00226982 0.704206
0.165234 0.00805799 3.60651e-05 0.00567446 0.00226978 0.704203
0.166016 0.00805785 2.59846e-05 0.00567433 0.00226973 0.704198
0.166797 0.00805763 1.55317e-05 0.0056741 0.00226964 0.70419
0.167578 0.00805747 1.5054e-05 0.00567395 0.00226958 0.704185
0.168359 0.00805724 2.49952e-05 0.00567373 0.00226949 0.704177
0.169141 0.00805709 3.53001e-05 0.00567358 0.00226943 0.704172
0.169922 0.008057 3.86811e-05 0.00567349 0.00226939 0.704168
0.170703 0.00805701 4.22723e-05 0.0056735 0.0022694 0.704169
0.171484 0.00805702 4.22804e-05 0.0056735 0.0022694 0.704169
0.172266 0.00805703 3.86962e-05 0.00567351 0.0022694 0.704169
0.173047 0.00805693 3.52841e-05 0.00567342 0.00226937 0.704166
0.173828 0.00805679 2.46405e-05 0.00567328 0.00226931 0.704161
0.174609 0.00805657 1.39637e-05 0.00567306 0.00226923 0.704153
0.175391 0.00805643 1.35037e-05 0.00567292 0.00226917 0.704148
0.176172 0.00805621 2.3568e-05 0.00567271 0.00226908 0.704141
0.176953 0.00805605 3.44711e-05 0.00567255 0.00226902 0.704135
0.177734 0.00805596 3.83803e-05 0.00567246 0.00226898 0.704132
0.178516 0.00805597 4.23608e-05 0.00567247 0.00226899 0.704132
0.179297 0.00805597 4.23687e-05 0.00567247 0.00226899 0.704132
0.180078 0.00805598 3.83969e-05 0.00567248 0.00226899 0.704133
0.180859 0.00805588 3.44658e-05 0.00567238 0.00226895 0.704129
0.181641 0.00805573 2.32531e-05 0.00567223 0.00226889 0.704124
0.182422 0.00805552 1.25088e-05 0.00567203 0.00226881 0.704117
0.183203 0.00805539 1.20712e-05 0.00567189 0.00226876 0.704112
0.183984 0.00805518 2.21019e-05 0.00567169 0.00226868 0.704105
0.184766 0.00805502 3.36093e-05 0.00567153 0.00226861 0.704099
0.185547 0.00805492 3.80644e-05 0.00567143 0.00226857 0.704096
0.186328 0.00805492 4.24345e-05 0.00567144 0.00226857 0.704096
0.187109 0.00805492 4.24426e-05 0.00567144 0.00226857 0.704096
0.187891 0.00805493 3.80818e-05 0.00567144 0.00226858 0.704096
0.188672 0.00805483 3.36129e-05 0.00567134 0.00226854 0.704093
0.189453 0.00805467 2.18229e-05 0.00567119 0.00226847 0.704087
0.190234 0.00805447 1.11664e-05 0.00567099 0.0022684 0.70408
0.191016 0.00805435 1.07584e-05 0.00567087 0.00226835 0.704076
0.191797 0.00805415 2.05988e-05 0.00567068 0.00226827 0.704069
0.192578 0.00805398 3.27144e-05 0.00567051 0.0022682 0.704063
0.193359 0.00805388 3.77272e-05 0.00567041 0.00226816 0.704059
0.194141 0.00805388 4.24964e-05 0.00567041 0.00226816 0.704059
0.194922 0.00805388 4.25046e-05 0.00567041 0.00226816 0.704059
0.195703 0.00805388 3.77451e-05 0.00567041 0.00226816 0.70406
0.196484 0.00805377 3.27255e-05 0.0056703 0.00226812 0.704056
0.197266 0.00805361 2.03525e-05 0.00567014 0.00226806 0.70405
0.198047 0.00805342 9.93727e-06 0.00566996 0.00226798 0.704043
0.198828 0.00805331 9.56191e-06 0.00566985 0.00226794 0.70404
0.199609 0.00805313 1.9069e-05 0.00566967 0.00226787 0.704033
0.200391 0.00805295 3.17842e-05 0.0056695 0.0022678 0.704027
0.201172 0.00805284 3.7366e-05 0.00566938 0.00226775 0.704023
0.201953 0.00805284 4.25441e-05 0.00566939 0.00226775 0.704023
0.202734 0.00805283 4.25524e-05 0.00566938 0.00226775 0.704023
0.203516 0.00805283 3.73841e-05 0.00566938 0.00226775 0.704023
0.204297 0.00805272 3.1801e-05 0.00566927 0.00226771 0.704019
0.205078 0.00805255 1.88534e-05 0.0056691 0.00226764 0.704013
0.205859 0.00805237 8.81826e-06 0.00566892 0.00226757 0.704007
0.206641 0.00805227 8.46763e-06 0.00566883 0.00226753 0.704003
0.207422 0.0080521 1.75441e-05 0.00566866 0.00226746 0.703997
0.208203 0.00805192 3.0806e-05 0.00566848 0.00226739 0.703991
0.208984 0.0080518 3.6978e-05 0.00566836 0.00226735 0.703987
0.209766 0.0080518 4.2575e-05 0.00566836 0.00226735 0.703987
0.210547 0.00805179 4.25833e-05 0.00566835 0.00226734 0.703986
0.211328 0.00805179 3.6996e-05 0.00566835 0.00226734 0.703986
0.212109 0.00805167 3.08256e-05 0.00566823 0.00226729 0.703982
0.212891 0.00805149 1.73591e-05 0.00566806 0.00226722 0.703976
0.213672 0.00805133 7.7958e-06 0.00566789 0.00226716 0.70397
0.214453 0.00805124 7.46167e-06 0.00566781 0.00226712 0.703967
0.215234 0.00805108 1.60563e-05 0.00566765 0.00226706 0.703962
0.216016 0.00805089 2.97681e-05 0.00566747 0.00226699 0.703955
0.216797 0.00805077 3.65586e-05 0.00566734 0.00226694 0.703951
0.217578 0.00805077 4.25865e-05 0.00566734 0.00226694 0.703951
0.218359 0.00805075 4.25945e-05 0.00566732 0.00226693 0.70395
0.219141 0.00805074 3.65762e-05 0.00566732 0.00226693 0.70395
0.219922 0.00805062 2.97894e-05 0.00566719 0.00226688 0.703946
0.220703 0.00805043 1.58986e-05 0.00566702 0.00226681 0.703939
0.221484 0.00805028 6.858e-06 0.00566687 0.00226675 0.703934
0.222266 0.0080502 6.54241e-06 0.00566679 0.00226671 0.703931
0.223047 0.00805006 1.46137e-05 0.00566664 0.00226666 0.703926
0.223828 0.00804987 2.86699e-05 0.00566646 0.00226658 0.703919
0.224609 0.00804974 3.61046e-05 0.00566633 0.00226653 0.703915
0.225391 0.00804973 4.25757e-05 0.00566632 0.00226653 0.703915
0.226172 0.0080497 4.25834e-05 0.0056663 0.00226652 0.703914
0.226953 0.0080497 3.61218e-05 0.00566629 0.00226652 0.703913
0.227734 0.00804957 2.86919e-05 0.00566616 0.00226646 0.703909
0.228516 0.00804938 1.44803e-05 0.00566598 0.00226639 0.703902
0.229297 0.00804924 6.00285e-06 0.00566584 0.00226634 0.703897
0.230078 0.00804917 5.7074e-06 0.00566577 0.00226631 0.703895
0.230859 0.00804904 1.32252e-05 0.00566564 0.00226626 0.70389
0.231641 0.00804885 2.75098e-05 0.00566545 0.00226618 0.703884
0.232422 0.00804871 3.56138e-05 0.00566532 0.00226613 0.703879
0.233203 0.0080487 4.25399e-05 0.0056653 0.00226612 0.703878
0.233984 0.00804867 4.25472e-05 0.00566527 0.00226611 0.703877
0.234766 0.00804865 3.56305e-05 0.00566526 0.00226611 0.703877
0.235547 0.00804852 2.75317e-05 0.00566513 0.00226605 0.703872
0.236328 0.00804833 1.31132e-05 0.00566494 0.00226598 0.703866
0.237109 0.0080482 5.22763e-06 0.00566482 0.00226593 0.703861
0.237891 0.00804814 4.95342e-06 0.00566475 0.0022659 0.703859
0.238672 0.00804802 1.19003e-05 0.00566463 0.00226585 0.703855
0.239453 0.00804783 2.62866e-05 0.00566445 0.00226578 0.703848
0.240234 0.00804768 3.5084e-05 0.0056643 0.00226572 0.703843
0.241016 0.00804767 4.2476e-05 0.00566429 0.00226572 0.703842
0.241797 0.00804763 4.24828e-05 0.00566425 0.0022657 0.703841
0.242578 0.00804761 3.51002e-05 0.00566424 0.00226569 0.703841
0.243359 0.00804747 2.63078e-05 0.00566409 0.00226564 0.703835
0.244141 0.00804728 1.18073e-05 0.00566391 0.00226556 0.703829
0.244922 0.00804716 4.52893e-06 0.00566379 0.00226552 0.703825
0.245703 0.00804711 4.27643e-06 0.00566374 0.00226549 0.703823
0.246484 0.008047 1.06494e-05 0.00566363 0.00226545 0.703819
0.247266 0.00804681 2.49995e-05 0.00566345 0.00226538 0.703813
0.248047 0.00804666 3.45129e-05 0.00566329 0.00226532 0.703807
0.248828 0.00804664 4.23809e-05 0.00566327 0.00226531 0.703806
0.249609 0.00804659 4.23871e-05 0.00566323 0.00226529 0.703805
0.250391 0.00804657 3.45286e-05 0.00566321 0.00226528 0.703804
0.251172 0.00804642 2.50194e-05 0.00566306 0.00226522 0.703799
0.251953 0.00804623 1.05731e-05 0.00566288 0.00226515 0.703792
0.252734 0.00804613 3.9027e-06 0.00566277 0.00226511 0.703789
0.253516 0.00804608 3.67168e-06 0.00566272 0.00226509 0.703787
0.254297 0.00804598 9.48326e-06 0.00566263 0.00226505 0.703783
0.255078 0.00804579 2.36477e-05 0.00566244 0.00226498 0.703777
0.255859 0.00804563 3.3898e-05 0.00566229 0.00226491 0.703771
0.256641 0.00804561 4.22512e-05 0.00566226 0.00226491 0.703771
0.257422 0.00804556 4.22568e-05 0.00566221 0.00226488 0.703769
0.258203 0.00804553 3.39133e-05 0.00566219 0.00226487 0.703768
0.258984 0.00804537 2.36658e-05 0.00566203 0.00226481 0.703762
0.259766 0.00804519 9.42166e-06 0.00566185 0.00226474 0.703756
0.260547 0.00804509 3.34431e-06 0.00566175 0.0022647 0.703752
0.261328 0.00804505 3.13367e-06 0.00566171 0.00226468 0.703751
0.262109 0.00804496 8.41347e-06 0.00566162 0.00226465 0.703748
0.262891 0.00804478 2.22307e-05 0.00566145 0.00226458 0.703742
0.263672 0.00804461 3.32368e-05 0.00566128 0.00226451 0.703736
0.264453 0.00804458 4.20837e-05 0.00566125 0.0022645 0.703735
0.265234 0.00804452 4.20886e-05 0.00566119 0.00226448 0.703733
0.266016 0.00804449 3.32518e-05 0.00566116 0.00226446 0.703732
0.266797 0.00804432 2.22467e-05 0.005661 0.0022644 0.703726
0.267578 0.00804414 8.3646e-06 0.00566082 0.00226433 0.703719
0.268359 0.00804406 2.84858e-06 0.00566074 0.00226429 0.703716
0.269141 0.00804402 2.65664e-06 0.0056607 0.00226428 0.703715
0.269922 0.00804394 7.44579e-06 0.00566062 0.00226425 0.703712
0.270703 0.00804377 2.07595e-05 0.00566045 0.00226418 0.703706
0.271484 0.0080436 3.25213e-05 0.00566028 0.00226411 0.7037
0.272266 0.00804356 4.18752e-05 0.00566024 0.0022641 0.703699
0.273047 0.00804349 4.18793e-05 0.00566017 0.00226407 0.703696
0.273828 0.00804345 3.25357e-05 0.00566014 0.00226406 0.703695
0.274609 0.00804328 2.07738e-05 0.00565997 0.00226399 0.703689
0.275391 0.0080431 7.40745e-06 0.0056598 0.00226392 0.703683
0.276172 0.00804303 2.41006e-06 0.00565972 0.00226389 0.70368
0.276953 0.008043 2.23548e-06 0.00565969 0.00226388 0.703679
0.277734 0.00804293 6.56779e-06 0.00565962 0.00226385 0.703677
0.278516 0.00804276 1.9269e-05 0.00565946 0.00226378 0.703671
0.279297 0.00804258 3.17363e-05 0.00565928 0.00226371 0.703665
0.280078 0.00804254 4.16231e-05 0.00565924 0.00226369 0.703663
0.280859 0.00804246 4.16266e-05 0.00565916 0.00226366 0.70366
0.281641 0.00804241 3.17491e-05 0.00565912 0.00226365 0.703659
0.282422 0.00804223 1.9283e-05 0.00565894 0.00226357 0.703653
0.283203 0.00804207 6.53763e-06 0.00565877 0.00226351 0.703647
0.283984 0.008042 2.02387e-06 0.00565871 0.00226348 0.703644
0.284766 0.00804197 1.86592e-06 0.00565868 0.00226347 0.703643
0.285547 0.00804191 5.76204e-06 0.00565862 0.00226345 0.703641
0.286328 0.00804175 1.77786e-05 0.00565847 0.00226339 0.703636
0.287109 0.00804157 3.0887e-05 0.00565828 0.00226331 0.703629
0.287891 0.00804152 4.13244e-05 0.00565823 0.00226329 0.703628
0.288672 0.00804143 4.13273e-05 0.00565814 0.00226326 0.703624
0.289453 0.00804138 3.08979e-05 0.00565809 0.00226324 0.703623
0.290234 0.00804119 1.7792e-05 0.00565791 0.00226316 0.703616
0.291016 0.00804103 5.73924e-06 0.00565776 0.0022631 0.703611
0.291797 0.00804097 1.68583e-06 0.0056577 0.00226308 0.703609
0.292578 0.00804095 1.54407e-06 0.00565767 0.00226307 0.703608
0.293359 0.00804089 5.01966e-06 0.00565762 0.00226305 0.703606
0.294141 0.00804075 1.6298e-05 0.00565748 0.00226299 0.703601
0.294922 0.00804056 2.99804e-05 0.00565729 0.00226291 0.703594
0.295703 0.0080405 4.09749e-05 0.00565723 0.00226289 0.703592
0.296484 0.0080404 4.09774e-05 0.00565713 0.00226285 0.703588
0.297266 0.00804034 2.99896e-05 0.00565707 0.00226283 0.703586
0.298047 0.00804015 1.63105e-05 0.00565688 0.00226275 0.70358
0.298828 0.00804 5.00285e-06 0.00565674 0.0022627 0.703575
0.299609 0.00803995 1.39215e-06 0.00565669 0.00226267 0.703573
0.300391 0.00803993 1.266e-06 0.00565667 0.00226267 0.703572
0.301172 0.00803988 4.34051e-06 0.00565662 0.00226265 0.70357
0.301953 0.00803974 1.48374e-05 0.00565649 0.0022626 0.703566
0.302734 0.00803955 2.90142e-05 0.00565629 0.00226252 0.703559
0.303516 0.00803948 4.05706e-05 0.00565623 0.00226249 0.703556
0.304297 0.00803937 4.05728e-05 0.00565612 0.00226245 0.703552
0.305078 0.0080393 2.9022e-05 0.00565605 0.00226242 0.70355
0.305859 0.0080391 1.48488e-05 0.00565586 0.00226234 0.703543
0.306641 0.00803897 4.32854e-06 0.00565572 0.00226229 0.703539
0.307422 0.00803892 1.13903e-06 0.00565568 0.00226227 0.703537
0.308203 0.00803891 1.02772e-06 0.00565566 0.00226227 0.703536
0.308984 0.00803887 3.72393e-06 0.00565562 0.00226225 0.703535
0.309766 0.00803874 1.3408e-05 0.0056555 0.0022622 0.703531
0.310547 0.00803854 2.7986e-05 0.0056553 0.00226212 0.703524
0.311328 0.00803847 4.01071e-05 0.00565523 0.00226209 0.703521
0.312109 0.00803834 4.0109e-05 0.00565511 0.00226204 0.703517
0.312891 0.00803827 2.79927e-05 0.00565503 0.00226201 0.703514
0.313672 0.00803807 1.34182e-05 0.00565484 0.00226193 0.703507
0.314453 0.00803794 3.71576e-06 0.00565471 0.00226189 0.703503
0.315234 0.0080379 9.22689e-07 0.00565467 0.00226187 0.703501
0.316016 0.00803789 8.25344e-07 0.00565466 0.00226186 0.703501
0.316797 0.00803785 3.16861e-06 0.00565463 0.00226185 0.703499
0.317578 0.00803774 1.20215e-05 0.00565451 0.00226181 0.703495
0.318359 0.00803754 2.68936e-05 0.00565431 0.00226173 0.703488
0.319141 0.00803745 3.95799e-05 0.00565423 0.00226169 0.703485
0.319922 0.00803732 3.95817e-05 0.0056541 0.00226164 0.703481
0.320703 0.00803723 2.68993e-05 0.00565401 0.00226161 0.703478
0.321484 0.00803703 1.20304e-05 0.00565381 0.00226153 0.703471
0.322266 0.00803692 3.16338e-06 0.0056537 0.00226148 0.703467
0.323047 0.00803688 7.39394e-07 0.00565367 0.00226147 0.703466
0.323828 0.00803687 6.5504e-07 0.00565366 0.00226146 0.703465
0.324609 0.00803684 2.67261e-06 0.00565363 0.00226145 0.703464
0.325391 0.00803674 1.06906e-05 0.00565353 0.00226141 0.70346
0.326172 0.00803653 2.57344e-05 0.00565333 0.00226133 0.703453
0.326953 0.00803644 3.89846e-05 0.00565324 0.00226129 0.70345
0.327734 0.00803629 3.89863e-05 0.00565309 0.00226123 0.703445
0.328516 0.0080362 2.57394e-05 0.005653 0.0022612 0.703442
0.329297 0.00803599 1.06982e-05 0.0056528 0.00226112 0.703435
0.330078 0.00803589 2.66959e-06 0.0056527 0.00226108 0.703431
0.330859 0.00803586 5.85547e-07 0.00565267 0.00226107 0.70343
0.331641 0.00803585 5.13145e-07 0.00565266 0.00226106 0.70343
0.332422 0.00803583 2.23329e-06 0.00565263 0.00226105 0.703429
0.333203 0.00803574 9.42836e-06 0.00565254 0.00226102 0.703425
0.333984 0.00803554 2.45061e-05 0.00565234 0.00226094 0.703418
0.334766 0.00803543 3.83163e-05 0.00565224 0.0022609 0.703415
0.335547 0.00803527 3.8318e-05 0.00565208 0.00226083 0.703409
0.336328 0.00803516 2.45104e-05 0.00565198 0.00226079 0.703405
0.337109 0.00803496 9.4348e-06 0.00565178 0.00226071 0.703398
0.337891 0.00803487 2.23187e-06 0.00565169 0.00226068 0.703395
0.338672 0.00803485 4.57701e-07 0.00565167 0.00226067 0.703394
0.339453 0.00803484 3.96193e-07 0.00565166 0.00226066 0.703394
0.340234 0.00803482 1.84726e-06 0.00565164 0.00226066 0.703393
0.341016 0.00803474 8.24887e-06 0.00565156 0.00226062 0.70339
0.341797 0.00803454 2.32061e-05 0.00565136 0.00226055 0.703384
0.342578 0.00803443 3.75704e-05 0.00565125 0.0022605 0.70338
0.343359 0.00803424 3.75721e-05 0.00565107 0.00226043 0.703373
0.344141 0.00803413 2.321e-05 0.00565096 0.00226038 0.703369
0.344922 0.00803393 8.25417e-06 0.00565077 0.00226031 0.703362
0.345703 0.00803385 1.84694e-06 0.00565069 0.00226027 0.70336
0.346484 0.00803383 3.52613e-07 0.00565067 0.00226027 0.703359
0.347266 0.00803383 3.00952e-07 0.00565066 0.00226026 0.703359
0.348047 0.00803381 1.51072e-06 0.00565064 0.00226026 0.703358
0.348828 0.00803374 7.16013e-06 0.00565057 0.00226023 0.703356
0.349609 0.00803354 2.18325e-05 0.00565038 0.00226015 0.703349
0.350391 0.00803342 3.67476e-05 0.00565026 0.0022601 0.703344
0.351172 0.00803322 3.67494e-05 0.00565007 0.00226003 0.703338
0.351953 0.0080331 2.1836e-05 0.00564994 0.00225998 0.703333
0.352734 0.00803291 7.16439e-06 0.00564976 0.0022599 0.703327
0.353516 0.00803283 1.51111e-06 0.00564969 0.00225987 0.703324
0.354297 0.00803282 2.6727e-07 0.00564967 0.00225987 0.703323
0.355078 0.00803281 2.24419e-07 0.00564966 0.00225987 0.703323
0.355859 0.0080328 1.22001e-06 0.00564965 0.00225986 0.703323
0.356641 0.00803274 6.158e-06 0.00564959 0.00225984 0.703321
0.357422 0.00803255 2.03846e-05 0.00564941 0.00225976 0.703314
0.358203 0.00803242 3.58592e-05 0.00564927 0.00225971 0.703309
0.358984 0.0080322 3.5861e-05 0.00564906 0.00225963 0.703302
0.359766 0.00803207 2.03878e-05 0.00564893 0.00225957 0.703297
0.360547 0.00803188 6.16134e-06 0.00564875 0.0022595 0.703291
0.361328 0.00803182 1.22079e-06 0.00564869 0.00225947 0.703289
0.362109 0.00803181 1.98886e-07 0.00564867 0.00225947 0.703288
0.362891 0.0080318 1.63848e-07 0.00564867 0.00225947 0.703288
0.363672 0.00803179 9.71122e-07 0.00564866 0.00225946 0.703288
0.364453 0.00803174 5.24825e-06 0.0056486 0.00225944 0.703286
0.365234 0.00803156 1.88632e-05 0.00564843 0.00225937 0.703279
0.366016 0.00803142 3.49053e-05 0.00564829 0.00225932 0.703274
0.366797 0.00803118 3.49072e-05 0.00564806 0.00225922 0.703266
0.367578 0.00803104 1.88661e-05 0.00564792 0.00225917 0.703261
0.368359 0.00803086 5.25079e-06 0.00564774 0.0022591 0.703255
0.369141 0.00803081 9.72075e-07 0.00564769 0.00225908 0.703253
0.369922 0.0080308 1.44918e-07 0.00564768 0.00225907 0.703253
0.370703 0.00803079 1.16758e-07 0.00564768 0.00225907 0.703253
0.371484 0.00803078 7.59888e-07 0.00564767 0.00225907 0.703252
0.372266 0.00803074 4.43338e-06 0.00564762 0.00225905 0.703251
0.373047 0.00803057 1.72754e-05 0.00564746 0.00225898 0.703245
0.373828 0.00803042 3.38827e-05 0.00564731 0.00225892 0.703239
0.374609 0.00803016 3.38847e-05 0.00564706 0.00225882 0.703231
0.375391 0.00803001 1.72781e-05 0.0056469 0.00225876 0.703225
0.376172 0.00802984 4.43527e-06 0.00564674 0.0022587 0.703219
0.376953 0.0080298 7.60852e-07 0.00564669 0.00225868 0.703218
0.377734 0.00802979 1.03077e-07 0.00564669 0.00225867 0.703217
0.378516 0.00802979 8.09101e-08 0.00564668 0.00225867 0.703217
0.379297 0.00802978 5.82614e-07 0.00564668 0.00225867 0.703217
0.380078 0.00802974 3.70355e-06 0.00564664 0.00225866 0.703216
0.380859 0.00802959 1.56532e-05 0.00564649 0.0022586 0.70321
0.381641 0.00802942 3.27751e-05 0.00564633 0.00225853 0.703205
0.382422 0.00802914 3.27771e-05 0.00564605 0.00225842 0.703195
0.383203 0.00802898 1.56557e-05 0.00564589 0.00225836 0.703189
0.383984 0.00802883 3.70495e-06 0.00564574 0.0022583 0.703184
0.384766 0.00802879 5.83485e-07 0.0056457 0.00225828 0.703182
0.385547 0.00802878 7.1311e-08 0.0056457 0.00225828 0.703182
0.386328 0.00802878 5.42734e-08 0.00564569 0.00225828 0.703182
0.387109 0.00802877 4.36282e-07 0.00564569 0.00225828 0.703182
0.387891 0.00802874 3.04332e-06 0.00564566 0.00225826 0.703181
0.388672 0.0080286 1.40401e-05 0.00564552 0.00225821 0.703176
0.389453 0.00802843 3.15593e-05 0.00564535 0.00225814 0.70317
0.390234 0.00802813 3.15614e-05 0.00564505 0.00225802 0.703159
0.391016 0.00802795 1.40423e-05 0.00564488 0.00225795 0.703153
0.391797 0.00802781 3.04433e-06 0.00564474 0.0022579 0.703148
0.392578 0.00802778 4.37008e-07 0.00564471 0.00225788 0.703147
0.393359 0.00802777 4.77674e-08 0.00564471 0.00225788 0.703147
0.394141 0.00802777 3.50335e-08 0.0056447 0.00225788 0.703147
0.394922 0.00802777 3.17794e-07 0.0056447 0.00225788 0.703147
0.395703 0.00802774 2.45342e-06 0.00564467 0.00225787 0.703146
0.396484 0.00802761 1.24467e-05 0.00564455 0.00225782 0.703141
0.397266 0.00802744 3.02289e-05 0.00564437 0.00225775 0.703135
0.398047 0.00802711 3.02311e-05 0.00564405 0.00225762 0.703124
0.398828 0.00802693 1.24487e-05 0.00564387 0.00225755 0.703117
0.399609 0.0080268 2.45413e-06 0.00564375 0.0022575 0.703113
0.400391 0.00802677 3.18356e-07 0.00564372 0.00225749 0.703112
0.401172 0.00802677 3.08015e-08 0.00564372 0.00225749 0.703112
0.401953 0.00802677 2.15948e-08 0.00564372 0.00225749 0.703112
0.402734 0.00802677 2.23998e-07 0.00564371 0.00225749 0.703112
0.403516 0.00802675 1.93387e-06 0.00564369 0.00225748 0.703111
0.404297 0.00802663 1.08844e-05 0.00564358 0.00225743 0.703107
0.405078 0.00802645 2.87771e-05 0.0056434 0.00225736 0.703101
0.405859 0.00802609 2.87794e-05 0.00564305 0.00225722 0.703088
0.406641 0.00802591 1.08861e-05 0.00564287 0.00225715 0.703082
0.407422 0.00802579 1.93435e-06 0.00564276 0.0022571 0.703078
0.408203 0.00802577 2.24401e-07 0.00564273 0.00225709 0.703077
0.408984 0.00802577 1.89754e-08 0.00564273 0.00225709 0.703077
0.409766 0.00802577 1.25802e-08 0.00564273 0.00225709 0.703077
0.410547 0.00802577 1.51727e-07 0.00564273 0.00225709 0.703077
0.411328 0.00802575 1.4839e-06 0.00564271 0.00225709 0.703076
0.412109 0.00802565 9.36534e-06 0.00564261 0.00225705 0.703073
0.412891 0.00802546 2.71968e-05 0.00564243 0.00225697 0.703066
0.413672 0.00802507 2.71991e-05 0.00564205 0.00225682 0.703052
0.414453 0.00802489 9.36685e-06 0.00564186 0.00225675 0.703046
0.415234 0.00802479 1.48423e-06 0.00564177 0.00225671 0.703042
0.416016 0.00802477 1.51995e-07 0.00564175 0.0022567 0.703042
0.416797 0.00802477 1.10552e-08 0.00564175 0.0022567 0.703042
0.417578 0.00802477 6.82703e-09 0.00564175 0.0022567 0.703042
0.418359 0.00802477 9.78452e-08 0.00564175 0.0022567 0.703042
0.419141 0.00802475 1.10198e-06 0.00564173 0.00225669 0.703041
0.419922 0.00802467 7.9028e-06 0.00564165 0.00225666 0.703038
0.420703 0.00802448 2.54807e-05 0.00564146 0.00225659 0.703032
0.421484 0.00802406 2.5483e-05 0.00564105 0.00225642 0.703017
0.422266 0.00802387 7.90409e-06 0.00564086 0.00225635 0.70301
0.423047 0.00802378 1.10219e-06 0.00564078 0.00225631 0.703007
0.423828 0.00802377 9.80076e-08 0.00564076 0.00225631 0.703007
0.424609 0.00802377 6.00534e-09 0.00564076 0.00225631 0.703007
0.425391 0.00802377 3.37947e-09 0.00564076 0.00225631 0.703007
0.426172 0.00802377 5.92846e-08 0.00564076 0.00225631 0.703007
0.426953 0.00802376 7.85666e-07 0.00564075 0.0022563 0.703006
0.427734 0.00802368 6.51088e-06 0.00564068 0.00225627 0.703004
0.428516 0.0080235 2.36209e-05 0.0056405 0.0022562 0.702997
0.429297 0.00802304 2.36232e-05 0.00564005 0.00225602 0.702981
0.430078 0.00802285 6.51195e-06 0.00563986 0.00225595 0.702975
0.430859 0.00802278 7.85803e-07 0.00563979 0.00225592 0.702972
0.431641 0.00802277 5.93725e-08 0.00563978 0.00225591 0.702972
0.432422 0.00802277 2.97939e-09 0.00563978 0.00225591 0.702972
0.433203 0.00802277 1.47704e-09 0.00563978 0.00225591 0.702972
0.433984 0.00802277 3.30991e-08 0.00563978 0.00225591 0.702972
0.434766 0.00802276 5.31643e-07 0.00563978 0.00225591 0.702972
0.435547 0.0080227 5.20472e-06 0.00563972 0.00225589 0.70297
0.436328 0.00802252 2.16093e-05 0.00563954 0.00225582 0.702963
0.437109 0.00802202 2.16116e-05 0.00563905 0.00225562 0.702946
0.437891 0.00802184 5.20558e-06 0.00563887 0.00225555 0.702939
0.438672 0.00802178 5.31728e-07 0.00563881 0.00225552 0.702937
0.439453 0.00802177 3.31402e-08 0.0056388 0.00225552 0.702937
0.440234 0.00802177 1.30742e-09 0.0056388 0.00225552 0.702937
0.441016 0.00802177 5.39423e-10 0.0056388 0.00225552 0.702937
0.441797 0.00802177 1.65148e-08 0.0056388 0.00225552 0.702937
0.442578 0.00802177 3.35611e-07 0.0056388 0.00225552 0.702937
0.443359 0.00802172 4.0006e-06 0.00563875 0.0022555 0.702935
0.444141 0.00802155 1.94373e-05 0.00563858 0.00225543 0.702929
0.444922 0.008021 1.94394e-05 0.00563804 0.00225522 0.70291
0.445703 0.00802083 4.00127e-06 0.00563787 0.00225515 0.702904
0.446484 0.00802078 3.35662e-07 0.00563783 0.00225513 0.702902
0.447266 0.00802078 1.65305e-08 0.00563782 0.00225513 0.702902
0.448047 0.00802078 4.80619e-10 0.00563782 0.00225513 0.702902
0.448828 0.00802078 1.47853e-10 0.00563782 0.00225513 0.702902
0.449609 0.00802078 6.98624e-09 0.00563782 0.00225513 0.702902
0.450391 0.00802078 1.92255e-07 0.00563782 0.00225513 0.702902
0.451172 0.00802074 2.91601e-06 0.00563779 0.00225511 0.702901
0.451953 0.00802058 1.70954e-05 0.00563763 0.00225505 0.702895
0.452734 0.00801999 1.70974e-05 0.00563704 0.00225482 0.702874
0.453516 0.00801982 2.9165e-06 0.00563688 0.00225475 0.702869
0.454297 0.00801979 1.92283e-07 0.00563685 0.00225474 0.702867
0.455078 0.00801979 6.99058e-09 0.00563685 0.00225474 0.702867
0.455859 0.00801979 1.33094e-10 0.00563685 0.00225474 0.702867
0.456641 0.00801979 2.30399e-11 0.00563685 0.00225474 0.702867
0.457422 0.00801979 2.25661e-09 0.00563685 0.00225474 0.702867
0.458203 0.00801978 9.51768e-08 0.00563684 0.00225474 0.702867
0.458984 0.00801976 1.96976e-06 0.00563682 0.00225473 0.702866
0.459766 0.00801961 1.45739e-05 0.00563667 0.00225467 0.702861
0.460547 0.00801897 1.45758e-05 0.00563604 0.00225442 0.702839
0.461328 0.00801882 1.97008e-06 0.00563589 0.00225436 0.702834
0.462109 0.00801879 9.51901e-08 0.00563587 0.00225435 0.702833
0.462891 0.00801879 2.25732e-09 0.00563587 0.00225435 0.702833
0.463672 0.00801879 2.10654e-11 0.00563587 0.00225435 0.702833
0.464453 0.00801879 -6.96319e-16 0.00563587 0.00225435 0.702833
0.465234 0.00801879 4.22149e-10 0.00563587 0.00225435 0.702833
0.466016 0.00801879 3.68327e-08 0.00563587 0.00225435 0.702833
0.466797 0.00801878 1.18214e-06 0.00563586 0.00225434 0.702832
0.467578 0.00801865 1.18621e-05 0.00563573 0.00225429 0.702828
0.468359 0.00801795 1.18636e-05 0.00563504 0.00225401 0.702803
0.469141 0.00801782 1.18233e-06 0.00563491 0.00225396 0.702798
0.469922 0.0080178 3.68377e-08 0.0056349 0.00225396 0.702798
0.470703 0.0080178 4.22194e-10 0.0056349 0.00225396 0.702798
0.471484 0.0080178 -8.85719e-16 0.0056349 0.00225396 0.702798
0.472266 0.0080178 -8.85719e-16 0.0056349 0.00225396 0.702798
0.473047 0.0080178 -8.85719e-16 0.0056349 0.00225396 0.702798
0.473828 0.0080178 8.46074e-09 0.0056349 0.00225396 0.702798
0.474609 0.0080178 5.75092e-07 0.00563489 0.00225396 0.702798
0.475391 0.00801769 8.94814e-06 0.00563479 0.00225391 0.702794
0.476172 0.00801692 8.94942e-06 0.00563403 0.00225361 0.702767
0.476953 0.00801682 5.75185e-07 0.00563393 0.00225357 0.702764
0.477734 0.00801681 8.46187e-09 0.00563392 0.00225357 0.702763
0.478516 0.00801681 -7.10015e-16 0.00563392 0.00225357 0.702763
0.479297 0.00801681 -7.10015e-16 0.00563392 0.00225357 0.702763
0.480078 0.00801681 -7.10015e-16 0.00563392 0.00225357 0.702763
0.480859 0.00801681 -7.10015e-16 0.00563392 0.00225357 0.702763
0.481641 0.00801681 -7.10015e-16 0.00563392 0.00225357 0.702763
0.482422 0.00801681 1.72413e-07 0.00563392 0.00225357 0.702763
0.483203 0.00801674 5.81945e-06 0.00563385 0.00225354 0.702761
0.483984 0.0080159 5.82034e-06 0.00563302 0.00225321 0.702731
0.484766 0.00801583 1.7244e-07 0.00563295 0.00225318 0.702729
0.485547 0.00801583 -8.79175e-16 0.00563295 0.00225318 0.702729
0.486328 0.00801583 -8.79175e-16 0.00563295 0.00225318 0.702729
0.487109 0.00801583 -8.79175e-16 0.00563295 0.00225318 0.702729
0.487891 0.00801583 -8.79175e-16 0.00563295 0.00225318 0.702729
0.488672 0.00801583 -8.79175e-16 0.00563295 0.00225318 0.702729
0.489453 0.00801583 -8.79175e-16 0.00563295 0.00225318 0.702729
0.490234 0.00801583 -8.79175e-16 0.00563295 0.00225318 0.702729
0.491016 0.0080158 2.46193e-06 0.00563292 0.00225317 0.702728
0.491797 0.00801487 2.46234e-06 0.00563201 0.00225281 0.702695
0.492578 0.00801484 -7.06808e-16 0.00563198 0.00225279 0.702694
0.493359 0.00801484 -7.06808e-16 0.00563198 0.00225279 0.702694
0.494141 0.00801484 -7.06808e-16 0.00563198 0.00225279 0.702694
0.494922 0.00801484 -7.06808e-16 0.00563198 0.00225279 0.702694
0.495703 0.00801484 -7.06808e-16 0.00563198 0.00225279 0.702694
0.496484 0.00801484 -7.06808e-16 0.00563198 0.00225279 0.702694
0.497266 0.00801484 -7.06808e-16 0.00563198 0.00225279 0.702694
0.498047 0.00801484 -7.06808e-16 0.00563198 0.00225279 0.702694
0.498828 0.00801484 -7.06808e-16 0.00563198 0.00225279 0.702694
0.499609 0.00801491 -5.20129e-06 0.00563205 0.00225282 0.702697
0.500391 0.0080186 0.000347369 0.00563568 0.00225427 0.702826
0.501172 0.00860224 0.0012149 0.00563317 0.00225326 0.654848
0.501953 0.00945565 0.00206436 0.00563374 0.00225349 0.595804
0.502734 0.0103254 0.00291411 0.00563396 0.00225356 0.545636
0.503516 0.011026 0.00374496 0.00563483 0.0022539 0.511044
0.504297 0.0116204 0.00459857 0.00563576 0.00225425 0.484977
0.505078 0.0121605 0.00544339 0.00563706 0.00225475 0.463541
0.505859 0.012642 0.00629332 0.00563866 0.00225537 0.446005
0.506641 0.0130905 0.00714708 0.00564052 0.00225607 0.430862
0.507422 0.0135076 0.00800064 0.00564273 0.00225692 0.417712
0.508203 0.0138972 0.00885884 0.00564524 0.00225788 0.406174
0.508984 0.014265 0.00971961 0.00564809 0.00225897 0.395893
0.509766 0.0146114 0.0105833 0.0056513 0.00226019 0.386717
0.510547 0.0149401 0.0114516 0.00565486 0.00226155 0.378436
0.511328 0.0152534 0.0123235 0.00565879 0.00226305 0.370909
0.512109 0.0155527 0.0132003 0.0056631 0.0022647 0.364037
0.512891 0.0158398 0.0140822 0.00566779 0.00226649 0.35772
0.513672 0.016116 0.0149695 0.00567289 0.00226843 0.351892
0.514453 0.0163822 0.0158628 0.00567839 0.00227053 0.346494
0.515234 0.0166394 0.0167625 0.00568431 0.00227279 0.341478
0.516016 0.0168882 0.0176691 0.00569067 0.00227521 0.336805
0.516797 0.0171294 0.0185832 0.00569745 0.0022778 0.33244
0.517578 0.0173636 0.0195053 0.00570469 0.00228055 0.328353
0.518359 0.0175912 0.020436 0.00571237 0.00228348 0.32452
0.519141 0.0178129 0.021376 0.00572053 0.00228658 0.320917
0.519922 0.018029 0.0223255 0.00572916 0.00228986 0.317525
0.520703 0.01824 0.0232852 0.00573827 0.00229333 0.314326
0.521484 0.0184464 0.0242553 0.0057479 0.00229699 0.311306
0.522266 0.0186484 0.0252364 0.00575803 0.00230084 0.308449
0.523047 0.0188465 0.0262288 0.0057687 0.00230489 0.305745
0.523828 0.0190408 0.0272333 0.00577991 0.00230914 0.303183
0.524609 0.0192317 0.0282503 0.00579167 0.0023136 0.300753
0.525391 0.0194193 0.0292805 0.00580399 0.00231827 0.298448
0.526172 0.019604 0.0303243 0.0058169 0.00232315 0.296259
0.526953 0.0197861 0.0313823 0.00583039 0.00232826 0.294179
0.527734 0.0199657 0.0324548 0.00584449 0.00233359 0.2922
0.528516 0.0201431 0.0335424 0.00585921 0.00233915 0.290316
0.529297 0.0203187 0.0346455 0.00587456 0.00234495 0.288521
0.530078 0.0204925 0.0357647 0.00589056 0.00235098 0.28681
0.530859 0.0206647 0.0369007 0.00590722 0.00235726 0.285179
0.531641 0.0208356 0.0380539 0.00592456 0.00236379 0.283625
0.532422 0.0210051 0.0392249 0.00594259 0.00237057 0.282142
0.533203 0.0211736 0.0404144 0.00596134 0.00237762 0.280729
0.533984 0.0213411 0.0416229 0.00598082 0.00238493 0.279383
0.534766 0.0215077 0.0428512 0.00600104 0.00239252 0.2781
0.535547 0.0216737 0.0440998 0.00602203 0.00240038 0.276877
0.536328 0.0218392 0.0453692 0.00604382 0.00240854 0.275712
0.537109 0.0220043 0.0466599 0.00606642 0.00241699 0.274604
0.537891 0.0221692 0.0479722 0.00608988 0.00242575 0.273549
0.538672 0.0223341 0.0493067 0.00611421 0.00243482 0.272545
0.539453 0.0224991 0.0506642 0.00613944 0.00244422 0.271592
0.540234 0.0226642 0.052046 0.00616558 0.00245396 0.270686
0.541016 0.0228296 0.0534532 0.00619267 0.00246402 0.269827
0.541797 0.0229955 0.0548868 0.00622072 0.00247443 0.269013
0.542578 0.023162 0.0563473 0.00624978 0.00248521 0.268242
0.543359 0.0233291 0.057835 0.00627989 0.00249635 0.267514
0.544141 0.0234972 0.0593509 0.00631108 0.00250788 0.266828
0.544922 0.0236661 0.0608963 0.00634339 0.0025198 0.266182
0.545703 0.0238362 0.0624722 0.00637683 0.00253213 0.265576
0.546484 0.0240074 0.0640792 0.00641146 0.00254487 0.265009
0.547266 0.0241801 0.065718 0.00644732 0.00255804 0.264478
0.548047 0.0243543 0.0673894 0.00648445 0.00257166 0.263984
0.548828 0.0245302 0.0690947 0.00652288 0.00258573 0.263526
0.549609 0.0247078 0.0708341 0.00656265 0.00260027 0.263101
0.550391 0.0248874 0.0726082 0.00660381 0.00261528 0.262711
0.551172 0.025069 0.0744177 0.00664638 0.00263078 0.262354
0.551953 0.0252527 0.0762631 0.0066904 0.00264678 0.26203
0.552734 0.0254386 0.0781443 0.0067359 0.00266329 0.261737
0.553516 0.0256269 0.0800617 0.00678293 0.00268032 0.261475
0.554297 0.0258176 0.0820153 0.00683149 0.00269786 0.261242
0.555078 0.0260109 0.084005 0.00688163 0.00271594 0.261039
0.555859 0.0262065 0.0860305 0.00693336 0.00273455 0.260866
0.556641 0.0264046 0.0880916 0.00698671 0.0027537 0.260722
0.557422 0.0266051 0.0901882 0.0070417 0.0027734 0.260608
0.558203 0.0268082 0.0923203 0.00709836 0.00279365 0.260522
0.558984 0.027014 0.0944883 0.00715675 0.00281446 0.260463
0.559766 0.0272227 0.0966933 0.00721692 0.00283587 0.260432
0.560547 0.0274346 0.0989378 0.007279 0.00285789 0.260427
0.561328 0.0276501 0.101226 0.00734313 0.00288059 0.26045
0.562109 0.0278696 0.103565 0.00740957 0.00290405 0.260503
0.562891 0.0280942 0.105965 0.00747871 0.00292839 0.260587
0.563672 0.0283251 0.108443 0.00755112 0.00295383 0.260708
0.564453 0.0285643 0.111024 0.00762764 0.00298064 0.260871
0.565234 0.0288147 0.113743 0.00770949 0.00300924 0.261085
0.566016 0.0290788 0.116631 0.00779781 0.00304001 0.26136
0.566797 0.0293273 0.119297 0.00788034 0.00306866 0.261588
0.567578 0.0295342 0.121413 0.00794613 0.00309138 0.261678
0.568359 0.0296998 0.122994 0.00799518 0.00310821 0.261636
0.569141 0.0298302 0.124128 0.00802996 0.00312006 0.261485
0.569922 0.0299349 0.124944 0.00805452 0.00312834 0.261263
0.570703 0.0300242 0.125577 0.00807318 0.00313458 0.261004
0.571484 0.0301067 0.126135 0.0080895 0.00314 0.260739
0.572266 0.0301873 0.126681 0.00810552 0.00314532 0.260484
0.573047 0.030268 0.127241 0.00812214 0.00315084 0.260246
0.573828 0.0303526 0.127864 0.00814094 0.00315713 0.260038
0.574609 0.0304471 0.128623 0.00816445 0.00316504 0.25988
0.575391 0.0305589 0.129608 0.00819572 0.00317562 0.259795
0.576172 0.0306958 0.130912 0.00823804 0.00319 0.259808
0.576953 0.0308646 0.132616 0.00829436 0.00320918 0.25994
0.577734 0.0310704 0.134775 0.0083669 0.00323389 0.260206
0.578516 0.0313156 0.137408 0.00845682 0.00326447 0.260611
0.579297 0.0315997 0.140502 0.00856416 0.0033009 0.26115
0.580078 0.03192 0.14401 0.00868799 0.0033428 0.261811
0.580859 0.0322719 0.147869 0.00882664 0.00338953 0.262576
0.581641 0.0326501 0.152006 0.00897809 0.00344036 0.263427
0.582422 0.0330492 0.156349 0.00914025 0.00349452 0.264343
0.583203 0.0334644 0.160837 0.00931118 0.00355133 0.265307
0.583984 0.0338915 0.165419 0.00948923 0.00361021 0.266307
0.584766 0.0343275 0.170054 0.00967311 0.0036707 0.26733
0.585547 0.0347699 0.174716 0.00986187 0.00373247 0.26837
0.586328 0.0352172 0.179386 0.0100548 0.00379528 0.26942
0.587109 0.0356682 0.18405 0.0102516 0.00385899 0.270479
0.587891 0.0361223 0.188703 0.0104519 0.0039235 0.271543
0.588672 0.0365792 0.19334 0.0106556 0.00398877 0.272611
0.589453 0.0370387 0.197961 0.0108627 0.00405477 0.273685
0.590234 0.0375007 0.202564 0.0110731 0.0041215 0.274762
0.591016 0.0379652 0.207151 0.011287 0.00418899 0.275844
0.591797 0.0384324 0.211723 0.0115045 0.00425724 0.27693
0.592578 0.0389023 0.216282 0.0117256 0.00432627 0.278022
0.593359 0.039375 0.220828 0.0119504 0.00439612 0.279118
0.594141 0.0398507 0.225363 0.012179 0.0044668 0.280221
0.594922 0.0403295 0.229889 0.0124116 0.00453835 0.28133
0.595703 0.0408114 0.234406 0.0126482 0.00461079 0.282445
0.596484 0.0412966 0.238916 0.012889 0.00468414 0.283567
0.597266 0.0417852 0.243421 0.013134 0.00475843 0.284696
0.598047 0.0422773 0.24792 0.0133835 0.00483368 0.285832
0.598828 0.0427729 0.252414 0.0136374 0.00490991 0.286975
0.599609 0.0432722 0.256905 0.0138958 0.00498713 0.288126
0.600391 0.043775 0.261392 0.0141589 0.00506536 0.289284
0.601172 0.0442816 0.265876 0.0144267 0.00514463 0.290449
0.601953 0.0447919 0.270357 0.0146993 0.00522494 0.291623
0.602734 0.045306 0.274836 0.0149768 0.0053063 0.292803
0.603516 0.045824 0.279313 0.0152593 0.00538874 0.293991
0.604297 0.0463457 0.283787 0.0155469 0.00547226 0.295187
0.605078 0.0468714 0.288259 0.0158396 0.00555688 0.29639
0.605859 0.0474009 0.29273 0.0161374 0.00564261 0.2976
0.606641 0.0479344 0.297199 0.0164406 0.00572946 0.298818
0.607422 0.0484719 0.301666 0.0167492 0.00581745 0.300043
0.608203 0.0490133 0.306132 0.0170632 0.00590659 0.301275
0.608984 0.0495588 0.310596 0.0173827 0.00599688 0.302514
0.609766 0.0501083 0.315059 0.0177078 0.00608835 0.30376
0.610547 0.0506618 0.319521 0.0180386 0.006181 0.305013
0.611328 0.0512195 0.323981 0.0183752 0.00627484 0.306272
0.612109 0.0517814 0.32844 0.0187176 0.0063699 0.307538
0.612891 0.0523473 0.332897 0.019066 0.00646617 0.308811
0.613672 0.0529175 0.337354 0.0194204 0.00656367 0.31009
0.614453 0.0534919 0.341809 0.0197809 0.00666242 0.311375
0.615234 0.0540706 0.346263 0.0201475 0.00676243 0.312667
0.616016 0.0546535 0.350716 0.0205205 0.0068637 0.313964
0.616797 0.0552408 0.355168 0.0208998 0.00696625 0.315267
0.617578 0.0558325 0.359618 0.0212855 0.0070701 0.316576
0.618359 0.0564286 0.364068 0.0216778 0.00717525 0.317891
0.619141 0.0570291 0.368516 0.0220767 0.00728172 0.319211
0.619922 0.0576341 0.372963 0.0224823 0.00738952 0.320536
0.620703 0.0582436 0.37741 0.0228947 0.00749867 0.321867
0.621484 0.0588577 0.381855 0.023314 0.00760917 0.323202
0.622266 0.0594764 0.386299 0.0237404 0.00772105 0.324543
0.623047 0.0600997 0.390743 0.0241738 0.0078343 0.325888
0.623828 0.0607278 0.395185 0.0246144 0.00794896 0.327237
0.624609 0.0613606 0.399626 0.0250622 0.00806503 0.328592
0.625391 0.0619982 0.404067 0.0255175 0.00818252 0.32995
0.626172 0.0626406 0.408506 0.0259803 0.00830145 0.331313
0.626953 0.0632879 0.412944 0.0264506 0.00842183 0.332679
0.627734 0.0639402 0.417382 0.0269286 0.00854368 0.33405
0.628516 0.0645974 0.421819 0.0274144 0.008667 0.335424
0.629297 0.0652597 0.426254 0.0279082 0.00879183 0.336802
0.630078 0.0659271 0.430689 0.0284099 0.00891816 0.338183
0.630859 0.0665996 0.435123 0.0289198 0.00904602 0.339567
0.631641 0.0672773 0.439556 0.0294379 0.00917542 0.340955
0.632422 0.0679603 0.443988 0.0299643 0.00930637 0.342346
0.633203 0.0686486 0.44842 0.0304992 0.00943889 0.343739
0.633984 0.0693423 0.45285 0.0310426 0.009573 0.345136
0.634766 0.0700413 0.45728 0.0315948 0.00970871 0.346535
0.635547 0.0707458 0.461709 0.0321557 0.00984603 0.347937
0.636328 0.0714559 0.466137 0.0327256 0.00998499 0.349341
0.637109 0.0721715 0.470564 0.0333045 0.0101256 0.350748
0.637891 0.0728927 0.47499 0.0338925 0.0102679 0.352157
0.638672 0.0736196 0.479416 0.0344899 0.0104118 0.353568
0.639453 0.0743523 0.483841 0.0350966 0.0105575 0.354981
0.640234 0.0750907 0.488265 0.0357129 0.0107048 0.356396
0.641016 0.075835 0.492688 0.0363389 0.0108539 0.357813
0.641797 0.0765852 0.49711 0.0369747 0.0110047 0.359232
0.642578 0.0773413 0.501532 0.0376204 0.0111573 0.360653
0.643359 0.0781034 0.505953 0.0382761 0.0113117 0.362075
0.644141 0.0788716 0.510373 0.038942 0.0114679 0.363499
0.644922 0.0796458 0.514793 0.0396183 0.0116259 0.364925
0.645703 0.0804262 0.519211 0.040305 0.0117857 0.366352
0.646484 0.0812128 0.523629 0.0410023 0.0119474 0.367781
0.647266 0.0820056 0.528046 0.0417104 0.012111 0.369212
0.648047 0.0828047 0.532463 0.0424293 0.0122764 0.370644
0.648828 0.0836102 0.536879 0.0431593 0.0124438 0.372077
0.649609 0.084422 0.541294 0.0439004 0.0126131 0.373512
0.650391 0.0852402 0.545708 0.0446528 0.0127843 0.374948
0.651172 0.0860649 0.550122 0.0454167 0.0129575 0.376386
0.651953 0.086896 0.554535 0.0461922 0.0131326 0.377826
0.652734 0.0877338 0.558947 0.0469794 0.0133098 0.379267
0.653516 0.088578 0.563358 0.0477786 0.013489 0.380709
0.654297 0.0894289 0.567769 0.0485898 0.0136702 0.382153
0.655078 0.0902865 0.57218 0.0494131 0.0138535 0.383598
0.655859 0.0911507 0.576589 0.0502489 0.0140389 0.385045
0.656641 0.0920216 0.580998 0.0510971 0.0142263 0.386494
0.657422 0.0928993 0.585406 0.0519581 0.0144159 0.387944
0.658203 0.0937838 0.589813 0.0528318 0.0146076 0.389396
0.658984 0.094675 0.59422 0.0537185 0.0148015 0.39085
0.659766 0.0955732 0.598626 0.0546184 0.0149976 0.392306
0.660547 0.0964781 0.603032 0.0555316 0.0151958 0.393764
0.661328 0.09739 0.607437 0.0564582 0.0153963 0.395223
0.662109 0.0983088 0.611841 0.0573985 0.015599 0.396685
0.662891 0.0992346 0.616244 0.0583526 0.015804 0.398148
0.663672 0.100167 0.620647 0.0593206 0.0160113 0.399614
0.664453 0.101107 0.625049 0.0603028 0.0162209 0.401082
0.665234 0.102054 0.629451 0.0612992 0.0164328 0.402552
0.666016 0.103008 0.633852 0.0623101 0.016647 0.404024
0.666797 0.103968 0.638252 0.0633357 0.0168636 0.405499
0.667578 0.104936 0.642651 0.064376 0.0170827 0.406976
0.668359 0.105912 0.64705 0.0654314 0.0173041 0.408456
0.669141 0.106894 0.651449 0.0665019 0.0175279 0.409938
0.669922 0.107883 0.655846 0.0675877 0.0177542 0.411423
0.670703 0.10888 0.660243 0.0686891 0.017983 0.41291
0.671484 0.109884 0.66464 0.0698061 0.0182143 0.4144
0.672266 0.110895 0.669036 0.070939 0.0184481 0.415893
0.673047 0.111913 0.673431 0.072088 0.0186845 0.417389
0.673828 0.112938 0.677826 0.0732532 0.0189234 0.418888
0.674609 0.113971 0.68222 0.0744348 0.0191649 0.420389
0.675391 0.115011 0.686613 0.075633 0.0194091 0.421894
0.676172 0.116059 0.691006 0.076848 0.0196558 0.423401
0.676953 0.117114 0.695398 0.07808 0.0199053 0.424912
0.677734 0.118176 0.699789 0.0793292 0.0201574 0.426425
0.678516 0.119246 0.70418 0.0805958 0.0204122 0.427942
0.679297 0.120323 0.708571 0.0818799 0.0206697 0.429462
0.680078 0.121408 0.71296 0.0831817 0.02093 0.430984
0.680859 0.122501 0.71735 0.0845016 0.0211931 0.43251
0.681641 0.1236 0.721738 0.0858396 0.021459 0.434039
0.682422 0.124708 0.726126 0.0871959 0.0217277 0.435572
0.683203 0.125823 0.730513 0.0885709 0.0219993 0.437107
0.683984 0.126946 0.7349 0.0899646 0.0222737 0.438645
0.684766 0.128076 0.739286 0.0913772 0.022551 0.440187
0.685547 0.129215 0.743672 0.0928091 0.0228313 0.441731
0.686328 0.130361 0.748057 0.0942604 0.0231145 0.443279
0.687109 0.131515 0.752441 0.0957313 0.0234006 0.44483
0.687891 0.132676 0.756825 0.097222 0.0236898 0.446384
0.688672 0.133846 0.761209 0.0987328 0.023982 0.447941
0.689453 0.135024 0.765591 0.100264 0.0242773 0.449501
0.690234 0.136209 0.769973 0.101815 0.0245756 0.451064
0.691016 0.137403 0.774355 0.103388 0.024877 0.45263
0.691797 0.138605 0.778736 0.104981 0.0251816 0.454199
0.692578 0.139814 0.783116 0.106595 0.0254893 0.45577
0.693359 0.141033 0.787496 0.108231 0.0258002 0.457345
0.694141 0.142259 0.791876 0.109889 0.0261143 0.458923
0.694922 0.143493 0.796254 0.111568 0.0264317 0.460503
0.695703 0.144736 0.800633 0.11327 0.0267523 0.462086
0.696484 0.145988 0.80501 0.114993 0.0270761 0.463672
0.697266 0.147247 0.809387 0.11674 0.0274034 0.465261
0.698047 0.148516 0.813764 0.118509 0.0277339 0.466852
0.698828 0.149792 0.81814 0.120302 0.0280678 0.468446
0.699609 0.151078 0.822515 0.122117 0.0284052 0.470043
0.700391 0.152372 0.82689 0.123957 0.0287459 0.471642
0.701172 0.153674 0.831264 0.12582 0.0290901 0.473244
0.701953 0.154985 0.835638 0.127707 0.0294378 0.474848
0.702734 0.156306 0.840011 0.129619 0.029789 0.476455
0.703516 0.157635 0.844384 0.131555 0.0301438 0.478065
0.704297 0.158972 0.848756 0.133516 0.0305021 0.479677
0.705078 0.160319 0.853128 0.135502 0.0308641 0.481291
0.705859 0.161675 0.857499 0.137514 0.0312296 0.482909
0.706641 0.163039 0.861869 0.139552 0.0315989 0.484528
0.707422 0.164413 0.866239 0.141615 0.0319718 0.48615
0.708203 0.165796 0.870609 0.143705 0.0323485 0.487775
0.708984 0.167188 0.874978 0.145821 0.0327289 0.489402
0.709766 0.168589 0.879346 0.147963 0.0331131 0.491031
0.710547 0.17 0.883714 0.150133 0.0335011 0.492663
0.711328 0.17142 0.888082 0.152331 0.0338929 0.494298
0.712109 0.172849 0.892448 0.154555 0.0342886 0.495935
0.712891 0.174287 0.896815 0.156808 0.0346883 0.497574
0.713672 0.175735 0.901181 0.159089 0.0350919 0.499216
0.714453 0.177192 0.905546 0.161399 0.0354994 0.50086
0.715234 0.178659 0.909911 0.163737 0.035911 0.502507
0.716016 0.180135 0.914275 0.166104 0.0363266 0.504157
0.716797 0.181621 0.918639 0.1685 0.0367462 0.505809
0.717578 0.183117 0.923002 0.170927 0.03717 0.507463
0.718359 0.184622 0.927365 0.173383 0.0375979 0.50912
0.719141 0.186137 0.931727 0.175869 0.03803 0.51078
0.719922 0.187662 0.936088 0.178386 0.0384663 0.512442
0.720703 0.189196 0.94045 0.180934 0.0389068 0.514107
0.721484 0.19074 0.94481 0.183513 0.0393516 0.515774
0.722266 0.192295 0.94917 0.186123 0.0398006 0.517444
0.723047 0.193859 0.95353 0.188765 0.0402541 0.519116
0.723828 0.195433 0.957889 0.191439 0.0407119 0.520791
0.724609 0.197017 0.962248 0.194146 0.0411741 0.522469
0.725391 0.198611 0.966606 0.196886 0.0416407 0.52415
0.726172 0.200215 0.970964 0.199658 0.0421118 0.525833
0.726953 0.201829 0.975321 0.202464 0.0425874 0.527518
0.727734 0.203454 0.979678 0.205303 0.0430676 0.529206
0.728516 0.205088 0.984034 0.208177 0.0435524 0.530897
0.729297 0.206733 0.98839 0.211085 0.0440417 0.532591
0.730078 0.208389 0.992745 0.214027 0.0445358 0.534287
0.730859 0.210054 0.9971 0.217005 0.0450345 0.535986
0.731641 0.211731 1.00145 0.220018 0.0455379 0.537687
0.732422 0.213417 1.00581 0.223067 0.0460461 0.539391
0.733203 0.215114 1.01016 0.226152 0.0465591 0.541098
0.733984 0.216822 1.01451 0.229273 0.047077 0.542807
0.734766 0.21854 1.01887 0.232431 0.0475997 0.544519
0.735547 0.220269 1.02322 0.235626 0.0481273 0.546233
0.736328 0.222009 1.02757 0.238859 0.0486599 0.54795
0.737109 0.223759 1.03192 0.24213 0.0491974 0.54967
0.737891 0.22552 1.03627 0.245438 0.04974 0.551392
0.738672 0.227292 1.04062 0.248786 0.0502877 0.553117
0.739453 0.229075 1.04497 0.252172 0.0508404 0.554844
0.740234 0.230869 1.04932 0.255597 0.0513983 0.556574
0.741016 0.232674 1.05367 0.259063 0.0519614 0.558306
0.741797 0.23449 1.05802 0.262568 0.0525297 0.560041
0.742578 0.236317 1.06236 0.266114 0.0531032 0.561779
0.743359 0.238156 1.06671 0.2697 0.0536821 0.563519
0.744141 0.240005 1.07106 0.273328 0.0542663 0.565261
0.744922 0.241866 1.0754 0.276998 0.0548558 0.567007
0.745703 0.243738 1.07975 0.280709 0.0554508 0.568754
0.746484 0.245622 1.08409 0.284463 0.0560513 0.570505
0.747266 0.247517 1.08844 0.28826 0.0566573 0.572257
0.748047 0.249423 1.09278 0.292099 0.0572688 0.574013
0.748828 0.251341 1.09713 0.295983 0.0578858 0.57577
0.749609 0.25327 1.10147 0.29991 0.0585086 0.577531
0.750391 0.255211 1.10581 0.303882 0.0591369 0.579294
0.751172 0.257164 1.11016 0.307898 0.059771 0.581059
0.751953 0.259129 1.1145 0.31196 0.0604109 0.582827
0.752734 0.261105 1.11884 0.316068 0.0610565 0.584598
0.753516 0.263093 1.12318 0.320221 0.061708 0.586371
0.754297 0.265093 1.12752 0.324421 0.0623654 0.588146
0.755078 0.267105 1.13186 0.328668 0.0630287 0.589924
0.755859 0.269129 1.1362 0.332962 0.063698 0.591705
0.756641 0.271165 1.14054 0.337304 0.0643733 0.593488
0.757422 0.273213 1.14488 0.341694 0.0650546 0.595274
0.758203 0.275273 1.14922 0.346133 0.0657421 0.597062
0.758984 0.277345 1.15356 0.35062 0.0664357 0.598853
0.759766 0.27943 1.1579 0.355158 0.0671355 0.600646
0.760547 0.281527 1.16223 0.359745 0.0678415 0.602442
0.761328 0.283636 1.16657 0.364383 0.0685538 0.604241
0.762109 0.285758 1.17091 0.369071 0.0692725 0.606042
0.762891 0.287892 1.17524 0.373811 0.0699975 0.607845
0.763672 0.290038 1.17958 0.378602 0.0707289 0.609652
0.764453 0.292197 1.18391 0.383446 0.0714668 0.61146
0.765234 0.294369 1.18825 0.388343 0.0722113 0.613271
0.766016 0.296554 1.19258 0.393293 0.0729623 0.615085
0.766797 0.298751 1.19692 0.398296 0.0737199 0.616901
0.767578 0.300961 1.20125 0.403353 0.0744842 0.61872
0.768359 0.303183 1.20558 0.408465 0.0752551 0.620541
0.769141 0.305419 1.20991 0.413632 0.0760329 0.622365
0.769922 0.307668 1.21425 0.418855 0.0768174 0.624192
0.770703 0.309929 1.21858 0.424134 0.0776088 0.62602
0.771484 0.312204 1.22291 0.429469 0.0784071 0.627852
0.772266 0.314492 1.22724 0.434862 0.0792123 0.629686
0.773047 0.316792 1.23157 0.440311 0.0800246 0.631522
0.773828 0.319107 1.2359 0.445819 0.0808439 0.633361
0.774609 0.321434 1.24023 0.451386 0.0816703 0.635203
0.775391 0.323775 1.24456 0.457011 0.0825038 0.637047
0.776172 0.326129 1.24889 0.462696 0.0833446 0.638893
0.776953 0.328496 1.25322 0.468442 0.0841926 0.640743
0.777734 0.330877 1.25754 0.474247 0.0850479 0.642594
0.778516 0.333272 1.26187 0.480114 0.0859106 0.644448
0.779297 0.33568 1.2662 0.486043 0.0867807 0.646305
0.780078 0.338102 1.27053 0.492034 0.0876582 0.648164
0.780859 0.340537 1.27485 0.498087 0.0885433 0.650026
0.781641 0.342987 1.27918 0.504204 0.0894359 0.65189
0.782422 0.34545 1.2835 0.510384 0.0903361 0.653757
0.783203 0.347927 1.28783 0.516629 0.091244 0.655626
0.783984 0.350418 1.29215 0.522939 0.0921597 0.657498
0.784766 0.352923 1.29648 0.529314 0.0930831 0.659372
0.785547 0.355442 1.3008 0.535755 0.0940143 0.661249
0.786328 0.357976 1.30513 0.542263 0.0949535 0.663128
0.787109 0.360523 1.30945 0.548838 0.0959006 0.66501
0.787891 0.363085 1.31377 0.55548 0.0968556 0.666894
0.788672 0.365661 1.31809 0.562191 0.0978188 0.668781
0.789453 0.368251 1.32242 0.568971 0.09879 0.67067
0.790234 0.370856 1.32674 0.57582 0.0997694 0.672562
0.791016 0.373475 1.33106 0.582739 0.100757 0.674457
0.791797 0.376109 1.33538 0.589728 0.101753 0.676354
0.792578 0.378757 1.3397 0.596789 0.102757 0.678253
0.793359 0.38142 1.34402 0.603921 0.10377 0.680155
0.794141 0.384098 1.34834 0.611126 0.104791 0.682059
0.794922 0.38679 1.35266 0.618404 0.105821 0.683966
0.795703 0.389498 1.35698 0.625755 0.106859 0.685876
0.796484 0.39222 1.3613 0.63318 0.107906 0.687788
0.797266 0.394957 1.36561 0.64068 0.108961 0.689702
0.798047 0.397709 1.36993 0.648256 0.110025 0.691619
0.798828 0.400476 1.37425 0.655908 0.111098 0.693539
0.799609 0.403259 1.37857 0.663636 0.11218 0.695461
0.800391 0.406056 1.38288 0.671441 0.113271 0.697385
0.801172 0.408869 1.3872 0.679325 0.114371 0.699312
0.801953 0.411697 1.39151 0.687286 0.11548 0.701242
0.802734 0.414541 1.39583 0.695327 0.116598 0.703174
0.803516 0.4174 1.40014 0.703448 0.117725 0.705109
0.804297 0.420274 1.40446 0.711649 0.118861 0.707046
0.805078 0.423164 1.40877 0.719932 0.120007 0.708985
0.805859 0.42607 1.41309 0.728296 0.121162 0.710927
0.806641 0.428991 1.4174 0.736743 0.122326 0.712872
0.807422 0.431928 1.42171 0.745272 0.1235 0.714819
0.808203 0.434881 1.42603 0.753886 0.124684 0.716768
0.808984 0.43785 1.43034 0.762584 0.125877 0.718721
0.809766 0.440834 1.43465 0.771367 0.127079 0.720675
0.810547 0.443835 1.43896 0.780235 0.128292 0.722632
0.811328 0.446851 1.44328 0.78919 0.129514 0.724592
0.812109 0.449884 1.44759 0.798233 0.130746 0.726554
0.812891 0.452933 1.4519 0.807363 0.131988 0.728518
0.813672 0.455999 1.45621 0.816582 0.13324 0.730486
0.814453 0.45908 1.46052 0.82589 0.134502 0.732455
0.815234 0.462178 1.46483 0.835288 0.135774 0.734427
0.816016 0.465292 1.46914 0.844777 0.137057 0.736402
0.816797 0.468423 1.47344 0.854357 0.13835 0.738379
0.817578 0.471571 1.47775 0.864029 0.139653 0.740358
0.818359 0.474735 1.48206 0.873794 0.140966 0.742341
0.819141 0.477916 1.48637 0.883653 0.14229 0.744325
0.819922 0.481113 1.49068 0.893605 0.143624 0.746312
0.820703 0.484327 1.49498 0.903653 0.144969 0.748302
0.821484 0.487559 1.49929 0.913797 0.146325 0.750294
0.822266 0.490807 1.5036 0.924037 0.147691 0.752288
0.823047 0.494072 1.5079 0.934375 0.149069 0.754285
0.823828 0.497354 1.51221 0.94481 0.150457 0.756285
0.824609 0.500654 1.51651 0.955345 0.151856 0.758287
0.825391 0.50397 1.52082 0.965978 0.153266 0.760291
0.826172 0.507304 1.52512 0.976713 0.154687 0.762299
0.826953 0.510655 1.52943 0.987548 0.156119 0.764308
0.827734 0.514024 1.53373 0.998485 0.157563 0.76632
0.828516 0.51741 1.53804 1.00952 0.159018 0.768335
0.829297 0.520814 1.54234 1.02067 0.160484 0.770352
0.830078 0.524235 1.54664 1.03192 0.161962 0.772371
0.830859 0.527674 1.55094 1.04327 0.163451 0.774393
0.831641 0.531131 1.55525 1.05473 0.164952 0.776417
0.832422 0.534605 1.55955 1.06629 0.166464 0.778444
0.833203 0.538098 1.56385 1.07796 0.167988 0.780474
0.833984 0.541608 1.56815 1.08974 0.169525 0.782506
0.834766 0.545136 1.57245 1.10163 0.171072 0.78454
0.835547 0.548683 1.57675 1.11363 0.172632 0.786577
0.836328 0.552247 1.58105 1.12574 0.174204 0.788616
0.837109 0.55583 1.58535 1.13797 0.175789 0.790658
0.837891 0.559431 1.58965 1.1503 0.177385 0.792702
0.838672 0.56305 1.59395 1.16275 0.178993 0.794749
0.839453 0.566688 1.59825 1.17531 0.180614 0.796799
0.840234 0.570344 1.60255 1.18799 0.182248 0.79885
0.841016 0.574019 1.60685 1.20078 0.183894 0.800905
0.841797 0.577712 1.61114 1.21369 0.185552 0.802961
0.842578 0.581424 1.61544 1.22671 0.187223 0.80502
0.843359 0.585155 1.61974 1.23986 0.188907 0.807082
0.844141 0.588905 1.62403 1.25312 0.190604 0.809146
0.844922 0.592673 1.62833 1.26651 0.192314 0.811213
0.845703 0.596461 1.63263 1.28001 0.194036 0.813282
0.846484 0.600267 1.63692 1.29364 0.195772 0.815354
0.847266 0.604093 1.64122 1.30739 0.197521 0.817428
0.848047 0.607938 1.64551 1.32127 0.199283 0.819504
0.848828 0.611801 1.64981 1.33526 0.201058 0.821583
0.849609 0.615685 1.6541 1.34939 0.202847 0.823665
0.850391 0.619587 1.65839 1.36364 0.204649 0.825748
0.851172 0.623509 1.66269 1.37802 0.206465 0.827835
0.851953 0.627451 1.66698 1.39252 0.208294 0.829924
0.852734 0.631412 1.67127 1.40716 0.210138 0.832015
0.853516 0.635393 1.67556 1.42192 0.211995 0.834109
0.854297 0.639393 1.67986 1.43682 0.213865 0.836205
0.855078 0.643413 1.68415 1.45185 0.21575 0.838303
0.855859 0.647453 1.68844 1.46701 0.217649 0.840405
0.856641 0.651513 1.69273 1.48231 0.219562 0.842508
0.857422 0.655593 1.69702 1.49774 0.221489 0.844614
0.858203 0.659693 1.70131 1.5133 0.223431 0.846722
0.858984 0.663813 1.7056 1.52901 0.225387 0.848833
0.859766 0.667953 1.70989 1.54485 0.227357 0.850947
0.860547 0.672114 1.71418 1.56083 0.229342 0.853062
0.861328 0.676295 1.71847 1.57695 0.231342 0.855181
0.862109 0.680496 1.72275 1.59321 0.233356 0.857301
0.862891 0.684717 1.72704 1.60961 0.235385 0.859424
0.863672 0.688959 1.73133 1.62615 0.237429 0.86155
0.864453 0.693222 1.73562 1.64284 0.239488 0.863678
0.865234 0.697505 1.7399 1.65967 0.241562 0.865808
0.866016 0.701809 1.74419 1.67665 0.243652 0.867941
0.866797 0.706134 1.74847 1.69377 0.245756 0.870076
0.867578 0.71048 1.75276 1.71104 0.247876 0.872213
0.868359 0.714846 1.75704 1.72846 0.250011 0.874353
0.869141 0.719234 1.76133 1.74603 0.252162 0.876495
0.869922 0.723642 1.76561 1.76376 0.254328 0.87864
0.870703 0.728072 1.76989 1.78163 0.25651 0.880787
0.871484 0.732522 1.77418 1.79965 0.258708 0.882936
0.872266 0.736994 1.77846 1.81783 0.260922 0.885088
0.873047 0.741487 1.78274 1.83616 0.263152 0.887242
0.873828 0.746002 1.78702 1.85465 0.265397 0.889399
0.874609 0.750537 1.7913 1.87329 0.267659 0.891558
0.875391 0.755094 1.79558 1.8921 0.269937 0.893719
0.876172 0.759673 1.79986 1.91106 0.272231 0.895882
0.876953 0.764273 1.80414 1.93017 0.274541 0.898048
0.877734 0.768894 1.80842 1.94945 0.276868 0.900216
0.878516 0.773537 1.81269 1.9689 0.279212 0.902386
0.879297 0.778202 1.81697 1.9885 0.281572 0.904558
0.880078 0.782888 1.82124 2.00826 0.283948 0.906733
0.880859 0.787596 1.82552 2.02819 0.286342 0.90891
0.881641 0.792326 1.82979 2.04829 0.288752 0.911089
0.882422 0.797077 1.83407 2.06855 0.291179 0.91327
0.883203 0.801849 1.83834 2.08898 0.293622 0.915453
0.883984 0.806644 1.84261 2.10957 0.296083 0.917639
0.884766 0.81146 1.84688 2.13033 0.298561 0.919826
0.885547 0.816297 1.85115 2.15126 0.301055 0.922015
0.886328 0.821156 1.85541 2.17236 0.303567 0.924206
0.887109 0.826036 1.85968 2.19362 0.306096 0.926399
0.887891 0.830938 1.86394 2.21506 0.308641 0.928594
0.888672 0.83586 1.8682 2.23666 0.311204 0.93079
0.889453 0.840804 1.87246 2.25844 0.313784 0.932988
0.890234 0.845768 1.87672 2.28038 0.316381 0.935187
0.891016 0.850752 1.88098 2.3025 0.318994 0.937388
0.891797 0.855757 1.88523 2.32478 0.321624 0.93959
0.892578 0.860782 1.88948 2.34723 0.324271 0.941792
0.893359 0.865826 1.89372 2.36984 0.326934 0.943995
0.894141 0.870888 1.89796 2.39262 0.329613 0.946199
0.894922 0.875968 1.9022 2.41556 0.332309 0.948403
0.895703 0.881066 1.90643 2.43866 0.335019 0.950607
0.896484 0.88618 1.91066 2.46191 0.337744 0.95281
0.897266 0.891309 1.91487 2.48531 0.340484 0.955012
0.898047 0.896451 1.91908 2.50885 0.343237 0.957212
0.898828 0.901605 1.92328 2.53254 0.346003 0.959409
0.899609 0.906769 1.92747 2.55634 0.348781 0.961603
0.900391 0.911933 1.93165 2.58027 0.35157 0.963804
0.901172 0.917059 1.93578 2.60408 0.354345 0.965982
0.901953 0.922124 1.93983 2.62767 0.357088 0.968113
0.902734 0.927122 1.94381 2.65103 0.3598 0.970208
0.903516 0.932046 1.94772 2.67411 0.362479 0.972265
0.904297 0.93689 1.95155 2.69689 0.365118 0.974282
0.905078 0.941642 1.95529 2.7193 0.367713 0.976255
0.905859 0.946289 1.95893 2.74128 0.370255 0.978178
0.906641 0.950816 1.96246 2.76276 0.372737 0.980046
0.907422 0.955207 1.96587 2.78365 0.375149 0.981853
0.908203 0.959445 1.96916 2.80386 0.377481 0.983591
0.908984 0.963512 1.9723 2.82331 0.379722 0.985255
0.909766 0.967389 1.97528 2.8419 0.381862 0.986838
0.910547 0.971059 1.97809 2.85954 0.383892 0.988332
0.911328 0.974507 1.98073 2.87614 0.385801 0.989733
0.912109 0.97772 1.98318 2.89164 0.387582 0.991035
0.912891 0.980685 1.98544 2.90598 0.389228 0.992236
0.913672 0.983398 1.9875 2.91912 0.390736 0.993331
0.914453 0.985854 1.98936 2.93104 0.392103 0.994322
0.915234 0.988055 1.99102 2.94173 0.393328 0.995208
0.916016 0.990007 1.99249 2.95122 0.394416 0.995993
0.916797 0.991717 1.99378 2.95955 0.39537 0.996681
0.917578 0.9932 1.9949 2.96677 0.396198 0.997276
0.918359 0.994471 1.99585 2.97297 0.396908 0.997786
0.919141 0.995547 1.99666 2.97823 0.397509 0.998217
0.919922 0.996449 1.99734 2.98263 0.398013 0.998578
0.920703 0.997195 1.9979 2.98628 0.39843 0.998877
0.921484 0.997805 1.99836 2.98926 0.398771 0.999122
0.922266 0.998299 1.99873 2.99167 0.399048 0.999319
0.923047 0.998694 1.99902 2.99361 0.399269 0.999477
0.923828 0.999006 1.99926 2.99514 0.399444 0.999602
0.924609 0.999251 1.99944 2.99633 0.399581 0.9997
0.925391 0.99944 1.99958 2.99726 0.399687 0.999776
0.926172 0.999586 1.99969 2.99797 0.399768 0.999834
0.926953 0.999696 1.99977 2.99851 0.39983 0.999878
0.927734 0.999779 1.99983 2.99892 0.399876 0.999911
0.928516 0.99984 1.99988 2.99922 0.399911 0.999936
0.929297 0.999886 1.99991 2.99944 0.399936 0.999954
0.930078 0.999919 1.99994 2.9996 0.399955 0.999968
0.930859 0.999943 1.99996 2.99972 0.399968 0.999977
0.931641 0.99996 1.99997 2.9998 0.399978 0.999984
0.932422 0.999972 1.99998 2.99986 0.399984 0.999989
0.933203 0.999981 1.99999 2.99991 0.399989 0.999992
0.933984 0.999987 1.99999 2.99994 0.399993 0.999995
0.934766 0.999991 1.99999 2.99996 0.399995 0.999996
0.935547 0.999994 2 2.99997 0.399997 0.999998
0.936328 0.999996 2 2.99998 0.399998 0.999998
0.937109 0.999997 2 2.99999 0.399999 0.999999
0.937891 0.999998 2 2.99999 0.399999 0.999999
0.938672 0.999999 2 2.99999 0.399999 1
0.939453 0.999999 2 3 0.4 1
0.940234 1 2 3 0.4 1
0.941016 1 2 3 0.4 1
0.941797 1 2 3 0.4 1
0.942578 1 2 3 0.4 1
0.943359 1 2 3 0.4 1
0.944141 1 2 3 0.4 1
0.944922 1 2 3 0.4 1
0.945703 1 2 3 0.4 1
0.946484 1 2 3 0.4 1
0.947266 1 2 3 0.4 1
0.948047 1 2 3 0.4 1
0.948828 1 2 3 0.4 1
0.949609 1 2 3 0.4 1
0.950391 1 2 3 0.4 1
0.951172 1 2 3 0.4 1
0.951953 1 2 3 0.4 1
0.952734 1 2 3 0.4 1
0.953516 1 2 3 0.4 1
0.954297 1 2 3 0.4 1
0.955078 1 2 3 0.4 1
0.955859 1 2 3 0.4 1
0.956641 1 2 3 0.4 1
0.957422 1 2 3 0.4 1
0.958203 1 2 3 0.4 1
0.958984 1 2 3 0.4 1
0.959766 1 2 3 0.4 1
0.960547 1 2 3 0.4 1
0.961328 1 2 3 0.4 1
0.962109 1 2 3 0.4 1
0.962891 1 2 3 0.4 1
0.963672 1 2 3 0.4 1
0.964453 1 2 3 0.4 1
0.965234 1 2 3 0.4 1
0.966016 1 2 3 0.4 1
0.966797 1 2 3 0.4 1
0.967578 1 2 3 0.4 1
0.968359 1 2 3 0.4 1
0.969141 1 2 3 0.4 1
0.969922 1 2 3 0.4 1
0.970703 1 2 3 0.4 1
0.971484 1 2 3 0.4 1
0.972266 1 2 3 0.4 1
0.973047 1 2 3 0.4 1
0.973828 1 2 3 0.4 1
0.974609 1 2 3 0.4 1
0.975391 1 2 3 0.4 1
0.976172 1 2 3 0.4 1
0.976953 1 2 3 0.4 1
0.977734 1 2 3 0.4 1
0.978516 1 2 3 0.4 1
0.979297 1 2 3 0.4 1
0.980078 1 2 3 0.4 1
0.980859 1 2 3 0.4 1
0.981641 1 2 3 0.4 1
0.982422 1 2 3 0.4 1
0.983203 1 2 3 0.4 1
0.983984 1 2 3 0.4 1
0.984766 1 2 3 0.4 1
0.985547 1 2 3 0.4 1
0.986328 1 2 3 0.4 1
0.987109 1 2 3 0.4 1
0.987891 1 2 3 0.4 1
0.988672 1 2 3 0.4 1
0.989453 1 2 3 0.4 1
0.990234 1 2 3 0.4 1
0.991016 1 2 3 0.4 1
0.991797 1 2 3 0.4 1
0.992578 1 2 3 0.4 1
0.993359 1 2 3 0.4 1
0.994141 1 2 3 0.4 1
0.994922 1 2 3 0.4 1
0.995703 1 2 3 0.4 1
0.996484 1 2 3 0.4 1
0.997266 1 2 3 0.4 1
0.998047 1 2 3 0.4 1
0.998828 1 2 3 0.4 1
0.999609 1 2 3 0.4 1
1.00039 1 2 3 0.4 1
1.00117 1 2 3 0.4 1
